0.000000000000000000e+00 -5.422763861191987056e-01 7.223403559003251095e-02 -8.370893412055129268e-01
1.000000000000000000e+00 4.341655851119169962e-01 -8.996102329636882500e-01 4.692199325950748706e-02
2.000000000000000000e+00 -3.495844925917217239e-02 4.832665678370671736e-01 8.747750174967133807e-01
3.000000000000000000e+00 -4.856412057086896827e-01 2.666441756857041434e-01 -8.324983500828704308e-01
4.000000000000000000e+00 -3.662331000351859434e-01 3.829310795574462079e-01 -8.480784779415088126e-01
5.000000000000000000e+00 -1.726661392675303830e-01 4.887048824574384831e-01 -8.551923422322648127e-01
6.000000000000000000e+00 5.682076027386028655e-02 5.421666086541917506e-01 -8.383476424862857934e-01
7.000000000000000000e+00 1.734196423878637261e-01 5.065236426764723188e-01 -8.446060780291738679e-01
8.000000000000000000e+00 3.136333586547540020e-01 4.316977549380186518e-01 -8.457370541252244855e-01
9.000000000000000000e+00 4.617401748023236552e-01 2.681243375971389953e-01 -8.455207570258788108e-01
1.000000000000000000e+01 5.357063322969202179e-01 4.204787788730526138e-02 -8.433568055705460420e-01
1.100000000000000000e+01 5.796690884982416136e-01 -1.334917359556726801e-01 -8.038430843586069630e-01
1.200000000000000000e+01 4.001568578805519416e-01 -2.957656195448933878e-01 -8.674083164152791570e-01
1.300000000000000000e+01 3.672403599347209835e-01 -4.217202776699533473e-01 -8.290274575893092912e-01
1.400000000000000000e+01 2.517928547080633961e-01 -4.553156472766778373e-01 -8.539836179125358528e-01
1.500000000000000000e+01 5.955656206569270167e-02 -5.246622326164964711e-01 -8.492246802706504560e-01
1.600000000000000000e+01 -1.581924136718601825e-01 -5.003135296793672637e-01 -8.512705400026738811e-01
1.700000000000000000e+01 -3.311611785363625104e-01 -4.231247835523997414e-01 -8.433846639429379843e-01
1.800000000000000000e+01 -4.350671639576501604e-01 -2.834193975438995539e-01 -8.546285789404073352e-01
1.900000000000000000e+01 -5.302218208218949513e-01 -4.598767885134651123e-02 -8.466108634539127875e-01
2.000000000000000000e+01 6.620026878689878880e-03 -9.979841483834104299e-01 -6.311746841853348167e-02
2.100000000000000000e+01 -2.720457096888206361e-01 -9.613910932676564824e-01 -4.145235367896683149e-02
2.200000000000000000e+01 -5.753213480762959797e-01 -8.179265321974525937e-01 1.238698963837746476e-03
2.300000000000000000e+01 -8.153608480518087509e-01 -5.786720075571286648e-01 1.803871209475988932e-02
2.400000000000000000e+01 -9.578678047239364002e-01 -2.721555202560982378e-01 -9.176405324243035178e-02
2.500000000000000000e+01 -9.979449913680024098e-01 6.084815222966561549e-02 -2.008224523684863649e-02
2.600000000000000000e+01 -8.821507685526004394e-01 4.691917586168236065e-01 -4.085480618126387242e-02
2.700000000000000000e+01 -6.174835043097200993e-01 7.860085702299175470e-01 3.007739068650384581e-02
2.800000000000000000e+01 -1.885870894453648416e-01 9.815993748408898822e-01 -2.995958955827008816e-02
2.900000000000000000e+01 3.193130810868231029e-01 9.464382491850636958e-01 -4.789359796832245303e-02
3.000000000000000000e+01 6.170115802991757992e-01 7.869099509331142217e-01 8.333000609476268195e-03
3.100000000000000000e+01 8.510596546859607869e-01 5.195880454310995988e-01 -7.566853514442219153e-02
3.200000000000000000e+01 9.915802565698079718e-01 1.147607585360320426e-01 -5.998802448146057370e-02
3.300000000000000000e+01 9.693645082972650595e-01 -2.417007665689171192e-01 -4.374002164607621035e-02
3.400000000000000000e+01 7.965878154833813118e-01 -6.045112289990781651e-01 -3.745161870825502309e-03
3.500000000000000000e+01 6.685015006568867379e-02 5.317815848942402113e-01 8.442389492339030799e-01
3.600000000000000000e+01 3.870233872477146786e-01 4.164726592636021074e-01 8.226563205915390364e-01
3.700000000000000000e+01 5.166603702424358291e-01 2.123510482339715788e-01 8.294390237593615156e-01
3.800000000000000000e+01 5.219476088481409537e-01 -2.325666275619961698e-01 8.206603788182708081e-01
3.900000000000000000e+01 3.796898470165153139e-01 -3.464367058541634181e-01 8.577978951416768139e-01
4.000000000000000000e+01 8.242083292992795351e-02 -5.489918461249154724e-01 8.317540256515107977e-01
4.100000000000000000e+01 -5.221589386966798280e-02 -6.005608200923562290e-01 7.978722966724612897e-01
4.200000000000000000e+01 -4.614241472860787230e-01 -3.015136324985208116e-01 8.343723903143380749e-01
4.300000000000000000e+01 -5.498868452029532783e-01 1.340653342230666879e-02 8.351315598960081799e-01
4.400000000000000000e+01 -3.832185877758404469e-01 3.212734765961413608e-01 8.659831795242440844e-01
4.500000000000000000e+01 -3.863172390341566564e-01 4.421343661651644386e-01 8.094913174832417679e-01
4.600000000000000000e+01 -3.685472560954674015e-01 5.939441368906073215e-01 -7.151246620539480903e-01
4.700000000000000000e+01 5.008858011641351693e-01 -5.278998469939649024e-02 -8.639019803818023258e-01
4.800000000000000000e+01 8.361105983063075175e-01 -3.581699479418898879e-01 -4.154917036369947803e-01
4.900000000000000000e+01 -6.003080173478692050e-01 -2.729543440259997178e-01 -7.517487681301556757e-01
5.000000000000000000e+01 -3.544011546336469642e-01 -9.138861030965971244e-01 -1.980202316967983600e-01
5.100000000000000000e+01 -4.949892598093858648e-02 -5.027747581904246088e-01 -8.629990723362880312e-01
5.200000000000000000e+01 -5.147796137629510049e-01 1.400397923394715582e-01 -8.458077830190408042e-01
5.300000000000000000e+01 2.845862186143677808e-01 -4.519553770921159175e-01 -8.454271235844629251e-01
5.400000000000000000e+01 -1.123714751958228564e-01 5.315263503448262039e-01 -8.395548763788008850e-01
5.500000000000000000e+01 3.723259067522796673e-01 3.723018615091496231e-01 -8.501557169589079033e-01
5.600000000000000000e+01 -2.434685416693403159e-01 -5.889686960297694229e-01 -7.706094629021874587e-01
5.700000000000000000e+01 7.804998646942050700e-01 5.833283086749266877e-01 -2.248289249869266648e-01
5.800000000000000000e+01 -4.852761512586916126e-01 4.926407789178412905e-02 -8.729719970589111533e-01
5.900000000000000000e+01 -2.318698889311312239e-01 5.223356367022136126e-01 -8.206106489913216340e-01
6.000000000000000000e+01 5.270959916514810217e-01 1.047824045836567332e-02 -8.497411500344316249e-01
6.100000000000000000e+01 -1.452759762302631430e-02 -5.122978296879202587e-01 -8.586849728534615700e-01
6.200000000000000000e+01 5.843774537675716640e-01 -5.528221316731123380e-01 -5.940460270555857347e-01
6.300000000000000000e+01 7.440377817741805622e-01 -3.034206168011555765e-02 -6.674482291425731795e-01
6.400000000000000000e+01 -5.066858950784807192e-01 -7.808562491760979996e-02 -8.585872343039728793e-01
6.500000000000000000e+01 -1.993631726832059137e-01 4.654926962059532380e-01 -8.623055578833980217e-01
6.600000000000000000e+01 1.219564307736039493e-01 5.528984877118416907e-01 -8.242753734516891084e-01
6.700000000000000000e+01 -4.993887774377731015e-01 5.524659193494303039e-02 -8.646147483410054901e-01
6.800000000000000000e+01 2.496446306692703607e-02 -5.337021974466384933e-01 -8.453039335200145388e-01
6.900000000000000000e+01 1.663443328754347639e-01 -4.837920450420723495e-01 -8.592292011298474641e-01
7.000000000000000000e+01 3.666154036678952455e-01 3.305229129276853195e-01 -8.696825569270800749e-01
7.100000000000000000e+01 5.178495834034512191e-01 5.360442106531480844e-02 -8.537905920137116578e-01
7.200000000000000000e+01 -6.949546095597090023e-01 -3.567950556887493074e-01 -6.242878974381729229e-01
7.300000000000000000e+01 -4.011130694554748688e-01 3.043945462030785976e-01 -8.639746904590603904e-01
7.400000000000000000e+01 -7.446078968500642603e-02 8.336160660069944495e-01 -5.473023344500802523e-01
7.500000000000000000e+01 -7.018869304535615417e-01 5.866452428936083097e-01 -4.039827915255507773e-01
7.600000000000000000e+01 3.453526560472726104e-01 -3.912747045500072907e-01 -8.530156203378683744e-01
7.700000000000000000e+01 4.063412104114302315e-01 -4.647772145975417324e-01 -7.866822493944581884e-01
7.800000000000000000e+01 -4.657176768436470660e-01 1.883924294785550846e-01 -8.646475223988813186e-01
7.900000000000000000e+01 -2.957130061762690554e-01 -4.344201693035769640e-01 -8.507837178040287274e-01
8.000000000000000000e+01 -4.695404315337613488e-01 4.722352055526440329e-01 -7.460064971511582987e-01
8.100000000000000000e+01 2.044550431743587526e-01 5.559497895865773698e-01 -8.056785753507483827e-01
8.200000000000000000e+01 -2.816573519120384450e-01 4.417466023570363332e-01 -8.517799454201258058e-01
8.300000000000000000e+01 2.994038033767077445e-01 4.677165187440804894e-01 -8.316240861215360436e-01
8.400000000000000000e+01 6.202280583233496514e-02 -5.467968891670732523e-01 -8.349648696525476810e-01
8.500000000000000000e+01 -4.043379108908766173e-01 -2.913925926940750810e-01 -8.669493703437510801e-01
8.600000000000000000e+01 -5.033685341796176882e-01 -8.501921849192652092e-02 -8.598789747894090008e-01
8.700000000000000000e+01 -2.617752069671156617e-02 5.158355129055939292e-01 -8.562876041585538722e-01
8.800000000000000000e+01 -5.334943694945508685e-01 2.679955756200522524e-02 -8.453789336339606608e-01
8.900000000000000000e+01 -4.081780813411691744e-01 3.135674890206847087e-01 -8.573599499287942738e-01
9.000000000000000000e+01 -1.791077309339883517e-01 4.796703028403939140e-01 -8.589742844187379101e-01
9.100000000000000000e+01 1.133334638657879645e-01 4.814248877042383024e-01 -8.691292213860627447e-01
9.200000000000000000e+01 4.259149947253095814e-01 2.966454438020640350e-01 -8.547501962208701176e-01
9.300000000000000000e+01 -4.955325182850948140e-01 -6.269008819263005572e-02 -8.663241172704545523e-01
9.400000000000000000e+01 -3.419928257717782527e-01 4.266085688512606944e-01 -8.372849193096179032e-01
9.500000000000000000e+01 2.229413918992166344e-01 4.926453070072974727e-01 -8.411882888282061765e-01
9.600000000000000000e+01 4.862343729763440869e-01 -2.457284519936511480e-01 -8.385664329181710119e-01
9.700000000000000000e+01 -2.243292963838527942e-01 -4.471211815546123902e-01 -8.658862603073991249e-01
9.800000000000000000e+01 6.121324212938299425e-01 6.312037430549057027e-02 -7.882320198700937253e-01
9.900000000000000000e+01 5.039812910550490743e-01 -1.234340918852118579e-01 -8.548490411920451892e-01
1.000000000000000000e+02 3.948078638595043377e-01 -3.164003315748000755e-01 -8.625645371878278844e-01
1.010000000000000000e+02 -4.396870167171513799e-01 -2.264037379342943579e-01 -8.691470961694290898e-01
1.020000000000000000e+02 -5.980880703036010049e-01 -4.333948509823239148e-02 -8.002576767466431651e-01
1.030000000000000000e+02 6.889858113058726641e-01 -9.860849967661912407e-02 -7.180354556780010888e-01
1.040000000000000000e+02 -3.398442607626381284e-01 -3.488550560545559120e-01 -8.733876735401459035e-01
1.050000000000000000e+02 -1.911814320534954148e-01 -6.570204171641337298e-01 -7.292282437395321004e-01
1.060000000000000000e+02 -3.920387638229621552e-01 -4.316776551994286337e-01 -8.123792277389216832e-01
1.070000000000000000e+02 2.689854120369504220e-01 -5.727593557614167885e-01 -7.743342743925771821e-01
1.080000000000000000e+02 -4.798841754637964141e-02 -5.008929059116520310e-01 -8.641778801779036456e-01
1.090000000000000000e+02 4.909740551963983624e-01 7.180931131760260877e-01 -4.932410748641751774e-01
1.100000000000000000e+02 -4.424645316931372085e-02 6.462028868360502054e-01 -7.618819333903978919e-01
1.110000000000000000e+02 2.698353246144211126e-01 4.276441554582381954e-01 -8.627336633588839065e-01
1.120000000000000000e+02 5.394817073634969873e-01 1.214970958780416804e-01 -8.331854194075700715e-01
1.130000000000000000e+02 -5.229025640284566956e-01 4.224253184706764502e-03 -8.523819943062482807e-01
1.140000000000000000e+02 -1.059642586102672000e-03 7.147417309826238352e-01 -6.993876858721151946e-01
1.150000000000000000e+02 -6.355796230522128276e-01 2.275785831841505846e-01 -7.377306630720331659e-01
1.160000000000000000e+02 -7.476809218943100133e-01 -3.992538184756309616e-01 -5.306313479883207895e-01
1.170000000000000000e+02 1.916448647142827699e-01 -8.284331973796331683e-01 -5.262800426655016572e-01
1.180000000000000000e+02 1.125464148551168567e-02 -5.042908547041773382e-01 -8.634605184412099677e-01
1.190000000000000000e+02 3.758760424424356650e-01 5.284452064784512793e-01 -7.612245821488946573e-01
1.200000000000000000e+02 -6.063255730912703312e-01 -3.087218647065207225e-02 -7.946170193986934471e-01
1.210000000000000000e+02 -5.260179004760509036e-01 2.901452114530883586e-01 -7.994503891109253635e-01
1.220000000000000000e+02 6.473304691214842865e-01 8.654412748566470137e-02 -7.572802504652448308e-01
1.230000000000000000e+02 -4.125996595212009788e-01 -2.785676296650732020e-01 -8.672725042717378541e-01
1.240000000000000000e+02 4.599211946345112545e-01 -2.448633533281502350e-01 -8.535305694132211407e-01
1.250000000000000000e+02 -6.776320651109476456e-01 -1.165805369868603975e-01 -7.261017578337953804e-01
1.260000000000000000e+02 5.198453400036738836e-01 2.820369575860979215e-03 -8.542557392209432221e-01
1.270000000000000000e+02 5.153674466956845723e-01 -1.977189610438496448e-01 -8.338486717205414456e-01
1.280000000000000000e+02 7.273081308330657524e-02 4.885557219706387344e-01 -8.694961387826797283e-01
1.290000000000000000e+02 8.643547238657152132e-01 2.856972310480233035e-01 -4.138453859867421425e-01
1.300000000000000000e+02 -3.000835660379385095e-01 -3.910384626285251519e-01 -8.700797515969864726e-01
1.310000000000000000e+02 -4.891119226898959504e-01 -1.201801593458522721e-01 -8.639017631549311682e-01
1.320000000000000000e+02 -3.385878218861884670e-01 -3.647186405880599724e-01 -8.673745442875092637e-01
1.330000000000000000e+02 -2.003663194581470075e-01 4.744728292421557803e-01 -8.571632705253648954e-01
1.340000000000000000e+02 -1.249085700874397603e-01 -5.199901173647938357e-01 -8.449900158946608286e-01
1.350000000000000000e+02 1.938282479574842676e-01 4.473881754648419418e-01 -8.730832896969062951e-01
1.360000000000000000e+02 3.281993818986659872e-01 4.350909504914749482e-01 -8.384396403568706857e-01
1.370000000000000000e+02 4.663427447378262203e-01 5.233968095140196786e-01 -7.131481081941785094e-01
1.380000000000000000e+02 -1.326860613793011956e-01 -5.291337183959695656e-01 -8.381001832550230013e-01
1.390000000000000000e+02 4.629446148276076256e-01 -2.025851164948828664e-01 -8.629261580094050865e-01
1.400000000000000000e+02 1.004098827886352463e-01 -5.258040469617448753e-01 -8.446584869857306499e-01
1.410000000000000000e+02 -6.651501778338737569e-01 3.392821024703380206e-01 -6.651788450265637698e-01
1.420000000000000000e+02 3.262341126568352179e-01 -3.958523984610631818e-01 -8.584125944856768609e-01
1.430000000000000000e+02 -3.255913750372033677e-01 -4.280364208236026036e-01 -8.430747766063831916e-01
1.440000000000000000e+02 3.526772391067611312e-01 -4.384245660755754503e-01 -8.266817192108918411e-01
1.450000000000000000e+02 -3.027379188356023598e-01 3.744006159658831434e-01 -8.764553218866638629e-01
1.460000000000000000e+02 4.378728586601778883e-01 -3.604724211569258485e-01 -8.236060910617573061e-01
1.470000000000000000e+02 -4.901427002228588292e-01 1.960450719534428954e-01 -8.493094036810225900e-01
1.480000000000000000e+02 -4.751193060499668275e-01 -6.910779607447706807e-01 -5.446768741111075451e-01
1.490000000000000000e+02 2.310801812394589760e-01 -4.653822648498739945e-01 -8.544128378023941872e-01
1.500000000000000000e+02 1.160836113953618437e-01 -7.233253863122018901e-01 -6.806797930611092617e-01
1.510000000000000000e+02 5.291721580907713524e-02 -6.582883927518117240e-01 -7.509035625426555560e-01
1.520000000000000000e+02 2.265017224985005906e-01 -4.515825938581495280e-01 -8.630006550574326196e-01
1.530000000000000000e+02 5.833499691119888864e-01 2.090386478726732333e-01 -7.848602787965551775e-01
1.540000000000000000e+02 5.486101740514500724e-01 -1.500353157687841221e-01 -8.225060978189761007e-01
1.550000000000000000e+02 -4.415094650244907326e-01 -2.559920892535140213e-01 -8.599636286107736893e-01
1.560000000000000000e+02 3.817597492228463341e-01 3.286575567426496813e-01 -8.638539831877036779e-01
1.570000000000000000e+02 -4.848985766709580369e-01 -2.600476046608449776e-01 -8.350141397920373132e-01
1.580000000000000000e+02 -5.273692842501187528e-01 7.920402965664759265e-02 -8.459363804185668911e-01
1.590000000000000000e+02 1.236618515418365094e-01 6.221764149975889113e-01 -7.730486757598079572e-01
1.600000000000000000e+02 -3.179550819554785024e-01 4.065415850942187825e-01 -8.565211646233646947e-01
1.610000000000000000e+02 5.623856979864107902e-02 4.978585716491318314e-01 -8.654328777568424114e-01
1.620000000000000000e+02 1.366204479399462657e-01 4.999454958707506003e-01 -8.552130461839538844e-01
1.630000000000000000e+02 5.317533868701157518e-01 2.835523890048965434e-01 -7.980202868610400957e-01
1.640000000000000000e+02 -5.879868021474193851e-02 4.939247357823784434e-01 -8.675143056960571419e-01
1.650000000000000000e+02 4.940973552216200160e-01 -1.042374942054639098e-01 -8.631351854517148592e-01
1.660000000000000000e+02 -3.386131324200836734e-01 3.657074663194049835e-01 -8.669482081594610534e-01
1.670000000000000000e+02 4.761852483087604115e-01 2.007499369901167563e-01 -8.561232808956829032e-01
1.680000000000000000e+02 -2.195762050195482484e-01 -4.718593642887187189e-01 -8.538940393996549139e-01
1.690000000000000000e+02 -4.376553941022156002e-01 2.205243973969325810e-01 -8.716804151556658553e-01
1.700000000000000000e+02 4.116729504209009627e-01 3.216626746555563132e-01 -8.526772575981983460e-01
1.710000000000000000e+02 4.149026140423799913e-01 2.599314720157569480e-01 -8.719469311354457464e-01
1.720000000000000000e+02 2.640515092888016113e-01 -4.400574143503581670e-01 -8.582693473016400620e-01
1.730000000000000000e+02 4.958015539282793482e-01 -3.647845083168241298e-01 -7.881072779859072952e-01
1.740000000000000000e+02 -1.988545122443529656e-01 -4.702996306224149770e-01 -8.598111073930602144e-01
1.750000000000000000e+02 7.675615315339567868e-01 3.287067222493679219e-01 -5.502737373865151937e-01
1.760000000000000000e+02 -5.118463606001991684e-01 -5.450041058661646565e-01 -6.640661320451098915e-01
1.770000000000000000e+02 5.131986296550506976e-01 2.752851747724207460e-02 -8.578282737504535627e-01
1.780000000000000000e+02 4.886500225612440129e-01 1.942062075296088486e-01 -8.505910324050343085e-01
1.790000000000000000e+02 -1.832290080580058211e-01 -4.662341209122617958e-01 -8.654784082247515276e-01
1.800000000000000000e+02 -2.554237527652859080e-02 -5.842271351698766768e-01 -8.111881665781569550e-01
1.810000000000000000e+02 5.396085330157913695e-01 -4.231093330601825575e-01 -7.278743870846900998e-01
1.820000000000000000e+02 -5.485333605050155548e-01 -1.929977010456407627e-01 -8.135496541724863695e-01
1.830000000000000000e+02 -8.119991486008422410e-02 5.329883070413455881e-01 -8.422173344119173732e-01
1.840000000000000000e+02 4.688079305741879033e-01 2.621117626352807983e-01 -8.435144030299503992e-01
1.850000000000000000e+02 -3.888916440224688409e-01 -3.380451783550856293e-01 -8.570231890680554132e-01
1.860000000000000000e+02 1.372701418652223782e-01 -5.001227331527804409e-01 -8.550053566709945319e-01
1.870000000000000000e+02 -4.345216216664742892e-01 -2.283544615691586455e-01 -8.712320013554352149e-01
1.880000000000000000e+02 -4.619724539285682829e-01 8.701056150081817320e-01 -1.717488589261965959e-01
1.890000000000000000e+02 -7.883104138229724001e-02 -9.959352853731481270e-01 -4.357263204453804689e-02
1.900000000000000000e+02 -9.788518218835737805e-01 -4.985775885143756136e-02 -1.984019018999569617e-01
1.910000000000000000e+02 9.912165770226833983e-01 -1.316012274906662172e-01 1.306959671851963198e-02
1.920000000000000000e+02 8.025995340721446825e-01 5.965037478604592325e-01 -4.155321359643762702e-03
1.930000000000000000e+02 -7.557947744424878822e-01 5.872202395614252168e-01 -2.897354813875080981e-01
1.940000000000000000e+02 7.231097705171996015e-01 -6.583514652025121983e-01 -2.090110237481942468e-01
1.950000000000000000e+02 -8.966061397359114116e-01 -3.864471800463298301e-01 -2.162313742778946279e-01
1.960000000000000000e+02 5.663962442340560177e-02 9.947189258167021819e-01 -8.559329160186353314e-02
1.970000000000000000e+02 -5.773529907888138579e-01 -8.124042575582928194e-01 -8.162626004155186521e-02
1.980000000000000000e+02 9.406294994299445600e-01 -3.312146099793544241e-01 -7.424976052753443079e-02
1.990000000000000000e+02 6.581177874346089141e-02 -9.916674587382211525e-01 -1.107450272396024310e-01
2.000000000000000000e+02 -8.926468890327915462e-01 4.286964346080262001e-01 -1.392871079979959292e-01
2.010000000000000000e+02 -9.561441008488208437e-01 -2.686750991275672074e-01 -1.166282535271445514e-01
2.020000000000000000e+02 9.635240816295250754e-01 2.310797244708591713e-01 -1.349944630659051237e-01
2.030000000000000000e+02 -7.332773707518656092e-01 -6.264177100260115427e-01 -2.643958208992698289e-01
2.040000000000000000e+02 -5.270623066878388219e-01 8.237638322932777646e-01 -2.088503614418391330e-01
2.050000000000000000e+02 -1.016980234040326947e-01 -9.681850964187670439e-01 -2.286375540201033563e-01
2.060000000000000000e+02 5.126515385049397189e-01 8.556911553142229065e-01 -7.057653140760729304e-02
2.070000000000000000e+02 9.606572310581734664e-01 -2.368322914655706379e-01 -1.450798060889597896e-01
2.080000000000000000e+02 -1.910540830682980890e-02 9.775384603309753562e-01 -2.098893564409007040e-01
2.090000000000000000e+02 -5.504381705503662570e-01 -8.206938438891845378e-01 -1.532300068640629342e-01
2.100000000000000000e+02 7.700390888744650386e-01 6.147323427929732853e-01 -1.707159873287978913e-01
2.110000000000000000e+02 -9.745724645701240307e-01 1.650224930245433874e-01 -1.515786531727961461e-01
2.120000000000000000e+02 5.687718444739465751e-01 -8.147858991858537570e-01 -1.123500219029997388e-01
2.130000000000000000e+02 8.742011012814633331e-01 -4.739496690453648964e-01 -1.055658359985169048e-01
2.140000000000000000e+02 3.127617430844645829e-01 9.412610079774820226e-01 -1.273098854134341318e-01
2.150000000000000000e+02 -9.433261444445868449e-01 -2.553400590577015739e-01 -2.119840547015741372e-01
2.160000000000000000e+02 8.201512768966857936e-02 -9.898629452055711653e-01 -1.159520096376068371e-01
2.170000000000000000e+02 -4.330733713973191623e-01 8.876921475536946327e-01 -1.563652971668246516e-01
2.180000000000000000e+02 -7.769631974462050117e-01 6.121036464683868861e-01 -1.471642476767830443e-01
2.190000000000000000e+02 9.652523943315975963e-01 2.486478876461852561e-01 -8.038683478162325646e-02
2.200000000000000000e+02 -1.063122235785958353e-01 9.796158392960357952e-01 -1.704421265946244324e-01
2.210000000000000000e+02 -7.657225939719555230e-01 -6.240384143600531397e-01 -1.557079525388810892e-01
2.220000000000000000e+02 -3.642483633532365150e-01 -9.092122813956976524e-01 -2.016337202794198924e-01
2.230000000000000000e+02 9.801568140897357617e-01 -1.070208928732489795e-01 -1.668506766005817543e-01
2.240000000000000000e+02 6.869228381058984922e-01 -6.977040678683977815e-01 -2.033372768786574913e-01
2.250000000000000000e+02 6.735482314502013734e-01 7.335459532286044970e-01 -9.079159879770663799e-02
2.260000000000000000e+02 -5.150398425704921790e-01 8.461265351077906782e-01 -1.371271204082087081e-01
2.270000000000000000e+02 -4.814675317766201057e-01 -8.556033463612087164e-01 -1.900840065350863917e-01
2.280000000000000000e+02 4.153841952028666240e-01 -9.055533843109784264e-01 -8.619187049020392288e-02
2.290000000000000000e+02 4.117778151855258639e-01 9.061817165619505676e-01 -9.630019465126594957e-02
2.300000000000000000e+02 -9.226395348893109416e-01 3.429695849491511406e-01 -1.763750335479570552e-01
2.310000000000000000e+02 -5.868319561911732041e-02 -9.934591375303988281e-01 -9.795521736632807619e-02
2.320000000000000000e+02 -9.820977409731039831e-01 -7.729496859457744536e-04 -1.883704587357285798e-01
2.330000000000000000e+02 -9.309039924615378769e-01 -3.232510064951686357e-01 -1.700780515499554779e-01
2.340000000000000000e+02 -1.862420397369820291e-01 9.602060052388170508e-01 -2.081305603171272056e-01
2.350000000000000000e+02 9.060407478194272279e-01 -4.077509441276604418e-01 -1.132666361017874712e-01
2.360000000000000000e+02 -7.348689710590210478e-01 -6.686168257198833453e-01 -1.136623760921920689e-01
2.370000000000000000e+02 9.819146222572850968e-01 1.291636900742660354e-01 -1.384211535991945741e-01
2.380000000000000000e+02 9.815689625712263888e-01 -6.020785034899206467e-02 -1.813763669092527397e-01
2.390000000000000000e+02 1.553643345942160581e-01 9.796718485696868095e-01 -1.269054477008337567e-01
2.400000000000000000e+02 8.689089714751280225e-01 4.666846571411612521e-01 -1.649321984303613875e-01
2.410000000000000000e+02 -7.987797804933094437e-01 5.865936769699003905e-01 -1.336365235030922693e-01
2.420000000000000000e+02 7.543697213084554765e-01 -6.415582716330889834e-01 -1.390298805011604966e-01
2.430000000000000000e+02 -2.389736772879659799e-01 9.607375713100130277e-01 -1.409783693933383819e-01
2.440000000000000000e+02 4.245938804749366802e-01 -9.044548056641843470e-01 -4.100659915425420438e-02
2.450000000000000000e+02 -4.583201138910337202e-01 -8.803464892114709617e-01 -1.221995586569259162e-01
2.460000000000000000e+02 7.678408029686087932e-01 6.317044290610488444e-01 -1.066302752560287365e-01
2.470000000000000000e+02 -9.814007180593753432e-01 -1.596631622029801023e-01 -1.065847326209875129e-01
2.480000000000000000e+02 -8.300739292580040507e-01 -5.344474200572839617e-01 -1.591955626275155522e-01
2.490000000000000000e+02 -1.027359822995378424e-01 -9.831652250031278628e-01 -1.511008215910753238e-01
2.500000000000000000e+02 5.001582711840133477e-01 8.590452989705648079e-01 -1.090086147182512677e-01
2.510000000000000000e+02 2.514389244714938521e-01 -9.554077884928806608e-01 -1.548367687203572318e-01
2.520000000000000000e+02 -5.999450355617387265e-01 7.826583488191745097e-01 -1.658670049421148984e-01
2.530000000000000000e+02 5.652002594613690922e-01 -8.158078823370320531e-01 -1.224996564140828498e-01
2.540000000000000000e+02 -9.507945046037834524e-01 2.633420037966348048e-01 -1.632200938966134052e-01
2.550000000000000000e+02 9.704175817298721363e-01 1.954685734379983109e-01 -1.417101050301660670e-01
2.560000000000000000e+02 9.528363350904259788e-01 -2.825598815916041673e-01 -1.107376713064900930e-01
2.570000000000000000e+02 1.087834374974516044e-01 9.885344758122267539e-01 -1.047174954670145042e-01
2.580000000000000000e+02 -8.179860743167356452e-01 5.391763794568220636e-01 -2.004684864504367448e-01
2.590000000000000000e+02 -3.100498441242373615e-01 9.349858391991383577e-01 -1.722514866572103787e-01
2.600000000000000000e+02 -6.103038519325556521e-01 -7.736733152740612462e-01 -1.701728813563669618e-01
2.610000000000000000e+02 -3.379347524918936974e-01 -9.255888638374891730e-01 -1.705442998117160658e-01
2.620000000000000000e+02 -9.339267361739129747e-01 -3.113508623303345435e-01 -1.756174592280034252e-01
2.630000000000000000e+02 -5.508866830817149562e-02 -9.855426113956329282e-01 -1.602217205859073623e-01
2.640000000000000000e+02 7.915246095234593771e-01 -5.916114428001393311e-01 -1.532471639759532267e-01
2.650000000000000000e+02 6.522725555570828559e-01 7.413395246634625346e-01 -1.579753855471914548e-01
2.660000000000000000e+02 -6.466542827161297913e-01 7.396366205204710775e-01 -1.864829971604493319e-01
2.670000000000000000e+02 2.630096180503405101e-01 -9.579474448441975820e-01 -1.147285218656939748e-01
2.680000000000000000e+02 8.192516918106852453e-01 5.506680872130618187e-01 -1.599728826721511510e-01
2.690000000000000000e+02 -7.853714828775716361e-01 -6.050978873293332283e-01 -1.305686816670133255e-01
2.700000000000000000e+02 3.624551734374659162e-01 9.154225689586508175e-01 -1.750079069344027960e-01
2.710000000000000000e+02 -8.849535567621490406e-01 4.426995630051358543e-01 -1.444794078375308821e-01
2.720000000000000000e+02 -4.482470709645625107e-01 8.793943867513056567e-01 -1.604371400953825688e-01
2.730000000000000000e+02 -1.762241782932475950e-02 9.882885231178074603e-01 -1.515758736193581757e-01
2.740000000000000000e+02 9.401179319704193738e-01 3.018601767206479103e-01 -1.582994241867008711e-01
2.750000000000000000e+02 9.834065279251801295e-01 -5.542535090671246029e-02 -1.727415158872055989e-01
2.760000000000000000e+02 -9.875339742063614645e-01 5.460595515635691122e-02 -1.476307537393593550e-01
2.770000000000000000e+02 5.422408351349311539e-01 -8.274613493586869817e-01 -1.458855442793199064e-01
2.780000000000000000e+02 -1.423572657154877907e-01 -9.813649904013322933e-01 -1.290626379422146752e-01
2.790000000000000000e+02 7.905619222749301622e-01 5.828546976099057142e-01 -1.878623126734914051e-01
2.800000000000000000e+02 9.758453564394373725e-01 8.841403630869949792e-02 -1.997718661353279912e-01
2.810000000000000000e+02 -4.750009475062812458e-01 -8.630112225099411116e-01 -1.720050280952037658e-01
2.820000000000000000e+02 7.238217317753784519e-01 -6.680620241637024170e-01 -1.725550129088951612e-01
2.830000000000000000e+02 9.178876122119202785e-01 -3.737877274766484570e-01 -1.332856561515233240e-01
2.840000000000000000e+02 1.594005705252773131e-01 9.842573176020937842e-01 -7.634782814819961183e-02
2.850000000000000000e+02 -9.663576686787446191e-01 -2.141604528340555480e-01 -1.424365003350399062e-01
2.860000000000000000e+02 -2.132580109103888732e-01 9.675053404611404506e-01 -1.358471087720212467e-01
2.870000000000000000e+02 -7.189676936734172852e-01 -6.772864793921511417e-01 -1.561040687698829754e-01
2.880000000000000000e+02 -7.532679981312598860e-01 6.368203811056362129e-01 -1.644601021518486694e-01
2.890000000000000000e+02 2.292205091439564468e-01 -9.650384194433839768e-01 -1.271172969583636292e-01
2.900000000000000000e+02 -9.604828454234995982e-01 2.486984866405344274e-01 -1.249870648902741133e-01
2.910000000000000000e+02 -9.054853724182720942e-01 -3.844913578323607695e-01 -1.796180282955208152e-01
2.920000000000000000e+02 9.900663113062996290e-01 -3.501752707711571974e-03 -1.405575929799294244e-01
2.930000000000000000e+02 5.136801297388637888e-01 8.497632777899335466e-01 -1.184698106319601457e-01
2.940000000000000000e+02 7.755631530269371243e-01 6.180030560236657866e-01 -1.287401196687553706e-01
2.950000000000000000e+02 -5.133068731488160674e-01 8.466606890186567647e-01 -1.402915950748251372e-01
2.960000000000000000e+02 5.373264532164833129e-01 -8.320763785396748657e-01 -1.375833672726974322e-01
2.970000000000000000e+02 9.356305109794382791e-01 3.383152695382874997e-01 -1.006892512713789267e-01
2.980000000000000000e+02 -9.872523086482742904e-01 -1.241854559728721441e-01 -9.955326008455255005e-02
2.990000000000000000e+02 -2.938178108746986594e-01 -4.212614381352171034e-01 8.580267447772526035e-01
3.000000000000000000e+02 -3.325359357062606658e-01 -4.319035224024431185e-01 8.383789112330557458e-01
3.010000000000000000e+02 -7.175197730838257792e-02 -4.633589111485680312e-01 8.832611013803058908e-01
3.020000000000000000e+02 -4.729095148201997723e-01 -2.464254307655594223e-01 8.459498199447362810e-01
3.030000000000000000e+02 -4.898655333695362546e-01 -3.441692638286985018e-01 8.009864399927076883e-01
3.040000000000000000e+02 -7.737647582905443633e-02 -4.905058849874263660e-01 8.679958858087849505e-01
3.050000000000000000e+02 -4.453444989355221373e-01 -2.565529536389904997e-01 8.578163318840338336e-01
3.060000000000000000e+02 -2.588036068815364188e-01 -4.350458196408728551e-01 8.624127943613246750e-01
3.070000000000000000e+02 2.530532103561784416e-03 -5.104161694307136621e-01 8.599237933624990227e-01
3.080000000000000000e+02 -5.652723457676066543e-01 1.391903125798288864e-02 8.247869031933197093e-01
3.090000000000000000e+02 -5.790452656016004812e-02 -5.212879666671538237e-01 8.514140717722887830e-01
3.100000000000000000e+02 1.136383238852243655e-01 -4.794962910904504438e-01 8.701549506697405789e-01
3.110000000000000000e+02 1.554091259361321808e-01 -4.682064707033675721e-01 8.698452186264311603e-01
3.120000000000000000e+02 -1.042598190415482823e-01 -5.305609195945628631e-01 8.412104378408504779e-01
3.130000000000000000e+02 -5.697565626650205051e-01 5.816931317434227006e-02 8.197522737418700967e-01
3.140000000000000000e+02 -4.729737020338471432e-01 -4.195722929064560347e-01 7.747612330322269925e-01
3.150000000000000000e+02 -3.084778140813229097e-01 -3.916060933489407536e-01 8.668829828019405381e-01
3.160000000000000000e+02 1.752936018319604938e-01 -4.653318265322262115e-01 8.676050048109221757e-01
3.170000000000000000e+02 -5.082321647183917213e-01 -1.448796536354595398e-02 8.610982322623139673e-01
3.180000000000000000e+02 -4.243671127936584075e-01 -2.573006137806430060e-01 8.681641248792068000e-01
3.190000000000000000e+02 -6.640014424524139924e-01 -1.188561337608982638e-01 7.382244265049248133e-01
3.200000000000000000e+02 -6.142935717841582210e-01 1.497105901791780658e-01 7.747452141529261871e-01
3.210000000000000000e+02 -4.711101454788327869e-01 1.997925536630013321e-01 8.591496763240558110e-01
3.220000000000000000e+02 -2.655553074472724595e-01 -5.350221634533258719e-01 8.020172462611432351e-01
3.230000000000000000e+02 3.132273024481840862e-01 -3.716082865814774872e-01 8.739541969376954933e-01
3.240000000000000000e+02 2.249658864961867344e-01 -4.702030974500513993e-01 8.534045916570652812e-01
3.250000000000000000e+02 -4.741930716796196599e-01 -2.074491467392544641e-01 8.556318029901660571e-01
3.260000000000000000e+02 3.341985692912863293e-01 -3.519057352462001687e-01 8.743418494985177869e-01
3.270000000000000000e+02 -4.622313797316643380e-01 2.155510017493941222e-01 8.601627271837548605e-01
3.280000000000000000e+02 -9.560494157774601653e-02 -4.982297158636941337e-01 8.617579969900474035e-01
3.290000000000000000e+02 2.479065754974028868e-01 -4.784296157653572523e-01 8.424057410676657476e-01
3.300000000000000000e+02 3.353027629770166662e-01 -3.858114932484692505e-01 8.594891208254848980e-01
3.310000000000000000e+02 -3.743682688886540988e-01 -3.768381009364453194e-01 8.472552419028906989e-01
3.320000000000000000e+02 -5.093482247951293118e-01 2.469506573156217042e-04 8.605604713867721633e-01
3.330000000000000000e+02 -4.207265898837832530e-01 3.909147453030843433e-01 8.186420453833210820e-01
3.340000000000000000e+02 -1.957440575532365667e-01 -8.110604586909844205e-01 5.512396904075079762e-01
3.350000000000000000e+02 1.282663617030669889e-01 -5.563934023083212388e-01 8.209592695884665448e-01
3.360000000000000000e+02 -5.722535062127098726e-01 5.275841528254943125e-01 6.278382644556362857e-01
3.370000000000000000e+02 -3.922954809055153591e-01 3.674117989322591149e-01 8.432750593172263498e-01
3.380000000000000000e+02 -6.781306436649542357e-01 -4.603387373525225645e-01 5.729110550646060451e-01
3.390000000000000000e+02 3.669514072595390641e-01 -3.259848759265389084e-01 8.712522742451825897e-01
3.400000000000000000e+02 -3.378265903056902886e-01 4.355920992479408449e-01 8.343456825292520085e-01
3.410000000000000000e+02 -4.663780663995327203e-01 2.304263381648350428e-01 8.540463698543412363e-01
3.420000000000000000e+02 4.481068190273805318e-01 -2.349184564603097602e-01 8.625622282220964943e-01
3.430000000000000000e+02 4.411230255697701219e-01 -4.562530497630672977e-01 7.728153925059152440e-01
3.440000000000000000e+02 -2.708965902815613780e-01 6.507455209929204898e-01 7.093273604489512829e-01
3.450000000000000000e+02 -8.249731454997615288e-01 3.915197559203681954e-01 4.075924311469543704e-01
3.460000000000000000e+02 -5.046342511933197272e-01 4.124561279500117694e-02 8.623474195170541812e-01
3.470000000000000000e+02 -3.135553181008433055e-01 4.200547455562671506e-01 8.516085211095170138e-01
3.480000000000000000e+02 4.620806864248427348e-01 -1.912219844437737237e-01 8.659766693731022480e-01
3.490000000000000000e+02 4.804130482434276761e-01 -1.006676908921353142e-01 8.712458430821369282e-01
3.500000000000000000e+02 1.472824931235350576e-01 -9.430211580480738487e-01 2.983604576564822253e-01
3.510000000000000000e+02 5.006397118173406824e-01 -1.310238987036521363e-01 8.556825444754293519e-01
3.520000000000000000e+02 3.355839846577100549e-01 -7.000686338370807338e-01 6.303073037485263930e-01
3.530000000000000000e+02 5.320387783930620174e-01 -2.255499800564935431e-01 8.161261818999152595e-01
3.540000000000000000e+02 4.800108204253129007e-01 -6.767558627148330397e-02 8.746482877691060809e-01
3.550000000000000000e+02 4.751564244815903448e-01 8.089707791332465536e-01 3.461107493020387227e-01
3.560000000000000000e+02 -1.115304785749370448e-01 6.457586969137532051e-01 7.553520091381878965e-01
3.570000000000000000e+02 -4.006676281538256168e-01 3.199110012759704968e-01 8.585583282527714521e-01
3.580000000000000000e+02 -4.928505996843549758e-02 8.254737930676433466e-01 5.622846252765810737e-01
3.590000000000000000e+02 -1.092388683240664432e-01 5.123333509962979537e-01 8.518106638826384858e-01
3.600000000000000000e+02 -8.458492403713988028e-02 5.344141728294564686e-01 8.409797158699128250e-01
3.610000000000000000e+02 7.780239256491203736e-01 -2.016673982541541121e-01 5.949865810242550568e-01
3.620000000000000000e+02 5.037181117519361484e-01 4.149447481376956209e-02 8.628709477395756222e-01
3.630000000000000000e+02 5.430453751602949408e-01 5.951069469808167173e-02 8.375919040520666270e-01
3.640000000000000000e+02 -6.257718637417623853e-02 4.977903369700429348e-01 8.650369218505894464e-01
3.650000000000000000e+02 5.190334478267759621e-01 3.643294764302152933e-01 7.732194466263342392e-01
3.660000000000000000e+02 4.628562244867757136e-01 1.682877356292734883e-01 8.703122160986936917e-01
3.670000000000000000e+02 7.141332140216116731e-01 5.708262110939337549e-04 7.000095904975871530e-01
3.680000000000000000e+02 6.139388410721721145e-01 7.463817900674823980e-02 7.858169262986861581e-01
3.690000000000000000e+02 1.734060358112706202e-01 5.969248214634976790e-01 7.833333289634699659e-01
3.700000000000000000e+02 -4.306805564183410762e-01 2.954677220209729893e-01 8.527678954832464964e-01
3.710000000000000000e+02 -1.820131749869700055e-01 4.718377009293751034e-01 8.626936815074307541e-01
3.720000000000000000e+02 4.458051494585230090e-01 2.212283621700345537e-01 8.673613897838824416e-01
3.730000000000000000e+02 4.566306873862030491e-01 1.736352835984947829e-01 8.725475366000834399e-01
3.740000000000000000e+02 -2.677058627279765290e-01 4.616132324914873353e-01 8.457226464094654839e-01
3.750000000000000000e+02 1.173731361163032061e-01 5.229658965405149518e-01 8.442335091512295220e-01
3.760000000000000000e+02 1.020021416614953769e-01 4.777837800136104929e-01 8.725355136912045229e-01
3.770000000000000000e+02 4.228391529281333994e-01 2.658473732534735179e-01 8.663326294704863928e-01
3.780000000000000000e+02 -4.960648694345604071e-02 5.046838888773254039e-01 8.618778154476354203e-01
3.790000000000000000e+02 4.071293719430158498e-01 3.560075883342412317e-01 8.411327312319517580e-01
3.800000000000000000e+02 3.415139654892664356e-01 4.344569762182260431e-01 8.334358686732362687e-01
3.810000000000000000e+02 2.748059666715253480e-01 4.243091704118550633e-01 8.628113400889744211e-01
3.820000000000000000e+02 3.114731059794134671e-01 3.941163595685929777e-01 8.646714979527986289e-01
3.830000000000000000e+02 2.748911659047125755e-01 4.194808146787213921e-01 8.651420074323197262e-01
3.840000000000000000e+02 1.132180540893081705e-02 5.166111914128749261e-01 8.561452526465658242e-01
