0.000000000000000000e+00 -8.249820301916758192e-01 -2.345398408565629866e-01 5.141942365602699683e-01
1.000000000000000000e+00 3.165360483464720043e-02 6.729023244811031812e-02 9.972312038429459458e-01
2.000000000000000000e+00 -8.415892531787097508e-02 -8.736244731698483701e-01 4.792677280686087893e-01
3.000000000000000000e+00 -8.642384645230004603e-01 -3.390564458355421751e-03 5.030709497790349927e-01
4.000000000000000000e+00 -8.075489573529907039e-01 3.220213507621435545e-01 4.941325036176251739e-01
5.000000000000000000e+00 -6.010811314135426908e-01 6.355443915153895507e-01 4.845459729189264264e-01
6.000000000000000000e+00 -3.795927086681697427e-01 7.883754146817433250e-01 4.841214527898464737e-01
7.000000000000000000e+00 -1.170382408336203689e-01 8.621226267362345208e-01 4.929975929474573748e-01
8.000000000000000000e+00 1.182773855275660729e-01 8.659788800086807292e-01 4.858920038976505262e-01
9.000000000000000000e+00 4.590852099742454562e-01 7.433809176008430164e-01 4.864417553313364895e-01
1.000000000000000000e+01 6.888478705237278676e-01 5.558836394185331375e-01 4.652762520285466108e-01
1.100000000000000000e+01 8.048548532823425194e-01 2.478510365128821502e-01 5.392388421166899315e-01
1.200000000000000000e+01 9.020144045550700929e-01 -4.020327740267182204e-02 4.298298622260279811e-01
1.300000000000000000e+01 7.959304977240513335e-01 -3.187080370522862860e-01 5.147036330851205710e-01
1.400000000000000000e+01 6.987181366742769573e-01 -5.250279097049604937e-01 4.859410041489258814e-01
1.500000000000000000e+01 4.688501966698944701e-01 -7.363558035445205707e-01 4.878110532459312698e-01
1.600000000000000000e+01 2.039107990265362769e-01 -8.600953145723104765e-01 4.676071384090687566e-01
1.700000000000000000e+01 -1.277849480401735127e-01 -8.654736365277491128e-01 4.843824847471304151e-01
1.800000000000000000e+01 -4.404630402047572946e-01 -7.608514034035330775e-01 4.765474290691918968e-01
1.900000000000000000e+01 -7.209433344596060111e-01 -5.010525373223086998e-01 4.787348570358557209e-01
2.000000000000000000e+01 2.167862729284583956e-01 -6.018546049761212130e-02 9.743620591004549247e-01
2.100000000000000000e+01 1.361575821003436215e-01 -8.110077848509003595e-02 9.873620291289818551e-01
2.200000000000000000e+01 1.178680545007870506e-01 -8.140839241671658788e-02 9.896867157703621576e-01
2.300000000000000000e+01 1.278758373492684397e-01 -1.496168388491808110e-01 9.804399888595944912e-01
2.400000000000000000e+01 -5.562907959128102209e-02 -1.376484882217046124e-01 9.889177413688695628e-01
2.500000000000000000e+01 -3.071137293133546081e-02 -1.791428833041524560e-01 9.833436016643150035e-01
2.600000000000000000e+01 -8.048107401142252926e-02 -6.470714956263964868e-02 9.946535987576006210e-01
2.700000000000000000e+01 -6.996587008837244770e-02 -9.297082043916005123e-02 9.932075329807192876e-01
2.800000000000000000e+01 -1.246634875914645058e-01 6.331857756418552557e-03 9.921788762309371457e-01
2.900000000000000000e+01 -1.676079141880946199e-01 1.061463890787001652e-01 9.801227123105911154e-01
3.000000000000000000e+01 -1.315942586571680339e-01 9.273090131903609368e-02 9.869569043423476185e-01
3.100000000000000000e+01 -2.027322327150718473e-02 1.765210447750871492e-01 9.840880637268675235e-01
3.200000000000000000e+01 3.171508838191948454e-02 2.339182735357615006e-01 9.717388509651014861e-01
3.300000000000000000e+01 9.063115847868569164e-02 1.864488922694685913e-01 9.782754232241036574e-01
3.400000000000000000e+01 7.861309944432186281e-02 9.744491434128005336e-02 9.921312762254690387e-01
3.500000000000000000e+01 -5.491129517711690333e-01 -6.868590882584723056e-01 4.761297712534830473e-01
3.600000000000000000e+01 -8.623159822218536830e-01 -1.524707950263629042e-01 4.828703795728089831e-01
3.700000000000000000e+01 -8.477107886507191381e-01 2.628771960467217172e-01 4.607407064757675363e-01
3.800000000000000000e+01 -5.228564763520183734e-01 6.729319162739069160e-01 5.232434817526913085e-01
3.900000000000000000e+01 -2.413974118587575712e-01 8.580095960152420709e-01 4.533727193972468816e-01
4.000000000000000000e+01 3.076309110875179442e-01 8.078517315916070585e-01 5.027313420783570130e-01
4.100000000000000000e+01 7.239255310379859587e-01 5.275927551655968939e-01 4.444971430820954250e-01
4.200000000000000000e+01 8.702435279379545641e-01 2.906240616760211171e-02 4.917637426954654667e-01
4.300000000000000000e+01 7.478642371055685967e-01 -4.373237664440672301e-01 4.994467000208139273e-01
4.400000000000000000e+01 5.451166707090973063e-01 -6.782038258096872996e-01 4.928360639930210452e-01
4.500000000000000000e+01 7.234878139808612052e-02 -8.603956528452288977e-01 5.044650378323995987e-01
4.600000000000000000e+01 4.332875055835675449e-01 7.903558331304623152e-01 4.331276884959248674e-01
4.700000000000000000e+01 8.619339615093757345e-01 -6.025892805839681149e-02 5.034269635071281224e-01
4.800000000000000000e+01 -3.104172169718893981e-01 -9.334088566717653190e-01 1.799696021391796463e-01
4.900000000000000000e+01 -7.613103139711309142e-01 4.830016305302169410e-01 4.325691051685613964e-01
5.000000000000000000e+01 -9.350848207438732240e-01 3.454488431099974055e-01 7.925575567971589186e-02
5.100000000000000000e+01 -4.966556357956545265e-01 -7.372651965946247499e-01 4.580100537353997692e-01
5.200000000000000000e+01 -8.567863975548755118e-01 -4.914883109323479188e-02 5.133239341459814309e-01
5.300000000000000000e+01 6.413410281609634167e-02 -8.709413637781884265e-01 4.871837001749587115e-01
5.400000000000000000e+01 1.730940017817126364e-01 8.424591638119542925e-01 5.101970441471173068e-01
5.500000000000000000e+01 2.574937105111519964e-01 8.386174802325814248e-01 4.800184484950081321e-01
5.600000000000000000e+01 -8.341742628198544063e-01 -2.782107416897827146e-01 4.761849246431199556e-01
5.700000000000000000e+01 6.250228971484539375e-01 -7.207040771650884414e-01 2.998866639211747454e-01
5.800000000000000000e+01 -8.686122093476710271e-01 8.713892575982920552e-02 4.877700661065422771e-01
5.900000000000000000e+01 2.933977782112708876e-01 8.418676085060693426e-01 4.529643181189458301e-01
6.000000000000000000e+01 8.312528700049996999e-01 -2.141567576305636877e-01 5.129868899588126974e-01
6.100000000000000000e+01 -3.036870822110322998e-01 -8.159477695442326484e-01 4.919384041462320778e-01
6.200000000000000000e+01 -3.739485232012219051e-01 -8.331461914365202448e-01 4.074676989534835037e-01
6.300000000000000000e+01 2.262242428273060768e-01 -9.285229273772506176e-01 2.943938947940211159e-01
6.400000000000000000e+01 -8.428493319667410555e-01 -1.645780088313680556e-01 5.123661606823001202e-01
6.500000000000000000e+01 -5.131783990606090251e-01 7.000587461693017488e-01 4.965538063991207784e-01
6.600000000000000000e+01 5.905008943197946891e-01 6.270910749391996886e-01 5.080014542687073531e-01
6.700000000000000000e+01 -8.155065265527541296e-01 3.069577912263661279e-01 4.906383796191374769e-01
6.800000000000000000e+01 3.846271159864759204e-01 -7.753496139946275401e-01 5.008941582074082355e-01
6.900000000000000000e+01 2.504986082050327245e-01 -8.220506075093870768e-01 5.113543252782646320e-01
7.000000000000000000e+01 5.274560153416231190e-01 6.961913653583867712e-01 4.869370951985099172e-01
7.100000000000000000e+01 8.519933110684537736e-01 5.759237727560265890e-02 5.203753606526324571e-01
7.200000000000000000e+01 -6.700676829597796980e-01 6.363141124454678721e-01 3.822481531095324181e-01
7.300000000000000000e+01 -8.465342259117427659e-01 2.371773557847927649e-01 4.765781218886787629e-01
7.400000000000000000e+01 8.314432946270711167e-01 3.549202434058457145e-01 4.274735882372345253e-01
7.500000000000000000e+01 5.606715137186130127e-01 8.048394603040469608e-01 1.946301539894826904e-01
7.600000000000000000e+01 4.921966549311677652e-01 -6.983842228357073356e-01 5.196170995730738928e-01
7.700000000000000000e+01 7.531114582933873258e-03 -8.592322577221355173e-01 5.115302626461709634e-01
7.800000000000000000e+01 -6.515514447873035353e-01 5.881754306389741505e-01 4.790932869371423153e-01
7.900000000000000000e+01 -7.877999146754538495e-01 -3.928267607935823635e-01 4.744032361206751425e-01
8.000000000000000000e+01 1.507245330570724517e-01 8.754093580556301379e-01 4.592826700011191088e-01
8.100000000000000000e+01 7.688489195859808945e-01 4.182203473321802756e-01 4.836973019656203299e-01
8.200000000000000000e+01 -4.819270323576992088e-02 8.800859323367066223e-01 4.723623768441540527e-01
8.300000000000000000e+01 7.072549454492099708e-01 4.762459212877310777e-01 5.224751329914520959e-01
8.400000000000000000e+01 -4.549638102918578397e-01 -7.600924028575820612e-01 4.639692559242495351e-01
8.500000000000000000e+01 -8.679204732482900253e-01 -1.767395332095332838e-01 4.641952062627756614e-01
8.600000000000000000e+01 -7.426836259186391231e-01 -4.660582271734928783e-01 4.808438007048066454e-01
8.700000000000000000e+01 -3.298676837361297909e-01 8.041446731767911693e-01 4.945084992474372831e-01
8.800000000000000000e+01 -7.208774694951778361e-01 5.083852555701823261e-01 4.710415118575745907e-01
8.900000000000000000e+01 -3.441959352641628667e-01 8.169864292193065314e-01 4.626687071967534592e-01
9.000000000000000000e+01 -2.773443602093363380e-01 8.130654938338464088e-01 5.118638574824339038e-01
9.100000000000000000e+01 1.919281496570423851e-01 8.476807592174884221e-01 4.945714466299956369e-01
9.200000000000000000e+01 5.033505872744650222e-01 7.073361311125900830e-01 4.963000946132530844e-01
9.300000000000000000e+01 -8.489757107316832085e-01 -1.758024013830745969e-01 4.983309726031260878e-01
9.400000000000000000e+01 -3.778695771395870762e-02 8.840467050688386452e-01 4.658686178351720275e-01
9.500000000000000000e+01 5.818033985071847658e-01 6.251293672513525967e-01 5.203057559602947135e-01
9.600000000000000000e+01 5.453952866193135796e-01 -6.644388704420953751e-01 5.109451719891962007e-01
9.700000000000000000e+01 -5.601960085413298929e-01 -6.678845380145813637e-01 4.900108936497346024e-01
9.800000000000000000e+01 7.038867188814967868e-01 -4.977180895954140816e-01 5.067742991428552113e-01
9.900000000000000000e+01 7.303832776601911769e-01 -4.673841255395824734e-01 4.980886938166293465e-01
1.000000000000000000e+02 6.827168767858790011e-01 -5.272351959377411523e-01 5.058860685136788993e-01
1.010000000000000000e+02 -7.422899499080782837e-01 -4.532068976583222275e-01 4.935677645272041336e-01
1.020000000000000000e+02 -6.406255693967379816e-01 6.258364605664806790e-01 4.448905533507369059e-01
1.030000000000000000e+02 3.935289288103404615e-01 -7.810480765250746860e-01 4.848699664300391010e-01
1.040000000000000000e+02 -6.702062584528755140e-01 -5.616690669004597014e-01 4.851303231274708971e-01
1.050000000000000000e+02 -9.093711280693916876e-01 -1.610750215650355588e-01 3.835348600344241632e-01
1.060000000000000000e+02 -9.080558283297598399e-01 4.004756051498536973e-02 4.169302166228212592e-01
1.070000000000000000e+02 -3.868520425432280807e-01 -8.005123618219334158e-01 4.577395064339571662e-01
1.080000000000000000e+02 -4.805838897002107091e-02 -8.630148121133063288e-01 5.028874877372082608e-01
1.090000000000000000e+02 8.560730165978315265e-01 -2.927238715925486456e-01 4.259715075600221112e-01
1.100000000000000000e+02 5.742708981019001291e-01 6.404882608075732620e-01 5.098899129821332643e-01
1.110000000000000000e+02 4.597969345150096365e-01 7.299974487230348474e-01 5.056584854113098659e-01
1.120000000000000000e+02 8.278866235649838812e-01 -2.569410860849165035e-01 4.985830089400105081e-01
1.130000000000000000e+02 -8.026706459966097551e-01 3.340991175495148235e-01 4.940623581168884226e-01
1.140000000000000000e+02 7.351306964207207084e-01 4.746894027969672525e-01 4.839967252495055439e-01
1.150000000000000000e+02 -6.161856230909112941e-02 9.375641848823830227e-01 3.423106074967490753e-01
1.160000000000000000e+02 -5.209254799556932714e-01 8.482091157541391535e-01 9.580156723411106801e-02
1.170000000000000000e+02 -8.363106719495004837e-01 -4.184808861841132210e-01 3.542008016393163872e-01
1.180000000000000000e+02 1.775857211013333603e-01 -8.487801369036092058e-01 4.980317167197386707e-01
1.190000000000000000e+02 8.643446709596129818e-01 9.624064487679101498e-02 4.936051337429727126e-01
1.200000000000000000e+02 -5.163625821485021694e-01 7.752131760780998082e-01 3.638876411639121455e-01
1.210000000000000000e+02 -2.277383221210093067e-01 8.576236338512994717e-01 4.611040655830302981e-01
1.220000000000000000e+02 5.523609367127434444e-01 -7.378896528921424780e-01 3.878353461825445048e-01
1.230000000000000000e+02 -5.803956159868471909e-01 -6.534133207018663070e-01 4.859958449129047620e-01
1.240000000000000000e+02 8.477841306985771652e-01 -1.647727441219573874e-01 5.040952395432614086e-01
1.250000000000000000e+02 -4.923287824530392376e-01 8.053621174522374027e-01 3.301578860805187698e-01
1.260000000000000000e+02 8.147958564404128579e-01 2.987951208682578796e-01 4.968190697556376656e-01
1.270000000000000000e+02 4.063807781421071574e-01 -8.002747116035002772e-01 4.409252194245073531e-01
1.280000000000000000e+02 3.370492445284816729e-01 8.084732776137347754e-01 4.824611550656536241e-01
1.290000000000000000e+02 4.325664910680678821e-01 -8.420972659606249522e-01 3.221155467634241876e-01
1.300000000000000000e+02 -5.066547763653871383e-01 -7.074891574579973419e-01 4.927068394750703240e-01
1.310000000000000000e+02 -8.722060844972693294e-01 6.159338696422198695e-02 4.852450935848995339e-01
1.320000000000000000e+02 -7.102216223362798342e-01 -5.056079755925478869e-01 4.898426504330024023e-01
1.330000000000000000e+02 -2.206275192308276289e-01 8.305805349368585722e-01 5.113310793820896594e-01
1.340000000000000000e+02 8.493428048549296616e-02 -8.541377272163586110e-01 5.130642366644599939e-01
1.350000000000000000e+02 2.801377502119188900e-01 8.276647235590434137e-01 4.863064324910138514e-01
1.360000000000000000e+02 8.301772513426904920e-01 2.906037817011979940e-01 4.757679827542602435e-01
1.370000000000000000e+02 8.799818979194942159e-01 -1.921754593280265988e-01 4.343966530327633691e-01
1.380000000000000000e+02 -6.927273448690115520e-01 -5.552599918122418376e-01 4.602338179267130847e-01
1.390000000000000000e+02 8.076458971903012207e-01 -3.047260570090121190e-01 5.048268365800434587e-01
1.400000000000000000e+02 -1.848816253237916263e-01 -8.440237708142950268e-01 5.034308879260902536e-01
1.410000000000000000e+02 2.865312551628763083e-01 9.385901164463493762e-01 1.922197521692688149e-01
1.420000000000000000e+02 7.572563053223583251e-01 -4.341016737718957907e-01 4.879740002069474780e-01
1.430000000000000000e+02 -8.761305595861927920e-01 -1.986793474319985542e-01 4.392285959078483515e-01
1.440000000000000000e+02 -1.205268801304064663e-01 -8.973720703581195002e-01 4.244957461591494230e-01
1.450000000000000000e+02 -5.836765192995435614e-01 6.541525637884085809e-01 4.810469250576516753e-01
1.460000000000000000e+02 3.366287403888189589e-01 -7.837178762134884291e-01 5.219840817952751122e-01
1.470000000000000000e+02 -4.945727959785263805e-01 7.397914445122980576e-01 4.561867688835248291e-01
1.480000000000000000e+02 -8.795298020265935879e-01 3.545208851120743576e-01 3.173992271043087343e-01
1.490000000000000000e+02 5.981756239681439435e-01 -6.246387675426762209e-01 5.020082997053814111e-01
1.500000000000000000e+02 -7.688957089623122965e-01 -4.992650919414944877e-01 3.994167706894571346e-01
1.510000000000000000e+02 -7.038536652506314217e-01 -5.579995952041121310e-01 4.395753287723263014e-01
1.520000000000000000e+02 4.721958882330105078e-01 -7.240343856452357008e-01 5.027974259472336449e-01
1.530000000000000000e+02 7.494274089548105255e-01 -5.110850521452728890e-01 4.208926563637608864e-01
1.540000000000000000e+02 5.419068466386638416e-01 -6.853383229345022531e-01 4.864651608116085102e-01
1.550000000000000000e+02 -6.178426238548649918e-01 -6.082721513793371004e-01 4.982724977404319189e-01
1.560000000000000000e+02 6.801358201239865453e-01 5.329742220495550242e-01 5.033425720271871295e-01
1.570000000000000000e+02 -8.741593250376518132e-01 1.148436100134151289e-01 4.718648320110365724e-01
1.580000000000000000e+02 -8.218232135071460442e-01 -3.002165751681108996e-01 4.842278531178456635e-01
1.590000000000000000e+02 9.216102663112686333e-01 2.168032373217763376e-01 3.219174945796980936e-01
1.600000000000000000e+02 -7.281546758345505133e-01 4.738650006193874664e-01 4.952198796981688300e-01
1.610000000000000000e+02 -7.844954437829643190e-02 8.663282774630892691e-01 4.932757693772060192e-01
1.620000000000000000e+02 -3.569077792555387652e-02 8.652315326030752818e-01 5.001005532494463557e-01
1.630000000000000000e+02 8.413372766077282794e-01 -2.846839459400025696e-01 4.594634239135043097e-01
1.640000000000000000e+02 2.605825579938046352e-02 8.694811201658070310e-01 4.932783686519279231e-01
1.650000000000000000e+02 8.684000815814855168e-01 1.141383320598591405e-02 4.957328138431178477e-01
1.660000000000000000e+02 -4.355405681678103935e-01 7.558068524073491279e-01 4.889380485645975494e-01
1.670000000000000000e+02 6.858634298811546737e-01 5.244982364438361966e-01 5.044729482528911291e-01
1.680000000000000000e+02 -2.932468879252152494e-01 -8.028567671084813062e-01 5.190638440792172403e-01
1.690000000000000000e+02 -7.569724472983188068e-01 4.328109426357606981e-01 4.895583744212106403e-01
1.700000000000000000e+02 8.172253605444770308e-01 2.837795090367890571e-01 5.016093104536524239e-01
1.710000000000000000e+02 7.970136395596008061e-01 3.584374162046696233e-01 4.860986289020770013e-01
1.720000000000000000e+02 3.082954678271503934e-01 -8.046608369269696581e-01 5.074197887678675301e-01
1.730000000000000000e+02 -2.938885672970628082e-01 -9.244354831294536723e-01 2.429990690173382539e-01
1.740000000000000000e+02 -9.718156694668295126e-02 -8.635454702325237042e-01 4.948181119226304769e-01
1.750000000000000000e+02 6.283967699128052420e-01 -5.551393999405072055e-01 5.449199447596376755e-01
1.760000000000000000e+02 -8.556371556277977408e-01 2.543129528199767342e-01 4.507881763502191719e-01
1.770000000000000000e+02 8.280648123752248901e-01 2.469423246062948385e-01 5.033171513310695788e-01
1.780000000000000000e+02 8.630247597638008861e-01 3.554815318969069271e-02 5.039093101337145386e-01
1.790000000000000000e+02 -3.286079496971656688e-01 -8.006946429805916754e-01 5.009040867252013696e-01
1.800000000000000000e+02 -6.207319725381605924e-01 -6.267984821756742431e-01 4.709729089991858131e-01
1.810000000000000000e+02 3.187574649375413127e-02 -8.536579766480779652e-01 5.198576686849736284e-01
1.820000000000000000e+02 -8.145352873855212783e-01 3.430429445533341726e-01 4.678181311107602047e-01
1.830000000000000000e+02 3.716083494991424541e-01 8.002685533170282861e-01 4.706139364217703513e-01
1.840000000000000000e+02 8.700344197151411718e-01 2.785666440482814643e-02 4.922033266437503274e-01
1.850000000000000000e+02 -3.686637184696103242e-01 -7.954197113390131246e-01 4.810348693156466515e-01
1.860000000000000000e+02 7.900246052452369883e-02 -8.548988343736924067e-01 5.127441800913720149e-01
1.870000000000000000e+02 -8.119468747705450573e-01 -3.193191004022755686e-01 4.886487334155552031e-01
1.880000000000000000e+02 8.297646404270953013e-01 4.924116485848786251e-01 2.627192604945733923e-01
1.890000000000000000e+02 -9.130572658546421971e-01 5.458876371169409103e-02 4.041614728626101161e-01
1.900000000000000000e+02 -1.434374485650128650e-01 8.587734636722235138e-01 4.918677021736348465e-01
1.910000000000000000e+02 -1.220250471138790843e-01 -8.720121100770138467e-01 4.740303447627479128e-01
1.920000000000000000e+02 4.052247590432167534e-01 -5.400940617480534112e-01 7.376254463634350778e-01
1.930000000000000000e+02 3.453107546241049319e-01 7.333740440000284799e-01 5.855962724676235798e-01
1.940000000000000000e+02 -4.115614165139911962e-01 -6.536690933603597209e-01 6.350857554869596688e-01
1.950000000000000000e+02 -4.323830825255433052e-01 6.585591933193025715e-01 6.159096190516420988e-01
1.960000000000000000e+02 7.168986247821518276e-01 1.914745115057161357e-02 6.969144401573955649e-01
1.970000000000000000e+02 -6.006776753787161915e-01 3.549045821179274141e-01 7.164000753024257762e-01
1.980000000000000000e+02 -1.587025857340740309e-01 -6.225032326434768448e-01 7.663571064652173748e-01
1.990000000000000000e+02 -5.843745404365008334e-01 -1.282656061070691078e-01 8.012829280470257221e-01
2.000000000000000000e+02 1.351023155674792864e-01 5.492544117443259877e-01 8.246617218640013292e-01
2.010000000000000000e+02 -2.337801500050976922e-01 4.601666842746844344e-01 8.565007087838497624e-01
2.020000000000000000e+02 2.367465487165236193e-01 -5.007716350408984995e-01 8.325736250982731512e-01
2.030000000000000000e+02 -5.046197242720964482e-01 2.407626107183086228e-01 8.290912489923274453e-01
2.040000000000000000e+02 3.269777557195112649e-01 4.234097094024557029e-01 8.448726325597009090e-01
2.050000000000000000e+02 -4.841995850381042299e-01 -1.525949580703883646e-01 8.615483391083893494e-01
2.060000000000000000e+02 4.803802971842920932e-01 -2.177251040458451081e-01 8.496061141172168707e-01
2.070000000000000000e+02 2.330786614213144203e-02 -4.517761797724615946e-01 8.918267919086648732e-01
2.080000000000000000e+02 4.829943617791673804e-01 1.928312122779924920e-01 8.541267880478488062e-01
2.090000000000000000e+02 -4.341024332342219849e-01 1.245693538463017169e-01 8.922093664283305969e-01
2.100000000000000000e+02 3.865541130763427979e-01 -2.366696226359873423e-01 8.913828624026274294e-01
2.110000000000000000e+02 -6.807294561017911139e-02 4.264495339844459054e-01 9.019461563975993412e-01
2.120000000000000000e+02 -2.835342453615851133e-01 -3.224554613423705196e-01 9.031228084583599047e-01
2.130000000000000000e+02 -7.120879527774741369e-02 -3.401946498230650207e-01 9.376550046295566432e-01
2.140000000000000000e+02 3.641419858562415790e-01 4.969776716947274520e-03 9.313301860543640176e-01
2.150000000000000000e+02 -2.859995765563496106e-01 3.014639632778771672e-01 9.095733731010288148e-01
2.160000000000000000e+02 -3.336082551317821610e-01 -1.368992834515623813e-01 9.327186704995115152e-01
2.170000000000000000e+02 2.508280514431233121e-01 2.853125076347550748e-01 9.250308435919387673e-01
2.180000000000000000e+02 1.329828093883527185e-01 3.880630669760401497e-01 9.119882830696514064e-01
2.190000000000000000e+02 1.654717783483666271e-01 -3.434864872469359232e-01 9.244653177101830321e-01
2.200000000000000000e+02 2.599846434723238620e-01 1.928361821881759419e-01 9.461618212534563810e-01
2.210000000000000000e+02 -3.300244720435758783e-01 1.734269348627584806e-01 9.279045996849394351e-01
2.220000000000000000e+02 -3.569161202912939923e-01 -6.369136806121347694e-02 9.319626026352676451e-01
2.230000000000000000e+02 1.285667602714265223e-01 -2.974416940253146735e-01 9.460438820734801135e-01
2.240000000000000000e+02 -2.299462063859974981e-02 -3.005242637783960280e-01 9.534969398493842174e-01
2.250000000000000000e+02 2.865917019156909440e-01 -1.459561331954214447e-01 9.468695810805773938e-01
2.260000000000000000e+02 1.157646499923724454e-01 2.271744557156620270e-01 9.669489709816316836e-01
2.270000000000000000e+02 -2.968907916702882011e-01 -4.484536046539469578e-02 9.538578256040668446e-01
2.280000000000000000e+02 -1.922326985006873878e-01 -1.800001468737618127e-01 9.647002315499710878e-01
2.290000000000000000e+02 2.352640178007928407e-01 -3.619538465448990383e-03 9.719247609097761975e-01
2.300000000000000000e+02 -8.186306603184900776e-02 2.727431527680143075e-01 9.585977316048837071e-01
2.310000000000000000e+02 -1.854464257767762525e-01 -8.556759066668891134e-02 9.789217591790043693e-01
2.320000000000000000e+02 -1.826733877183385757e-01 2.480146385821136723e-01 9.513775131189978751e-01
2.330000000000000000e+02 -2.220653574268362518e-01 1.311588447683154079e-01 9.661699304314599335e-01
2.340000000000000000e+02 1.704091592285336410e-01 2.401956470409489230e-01 9.556499199987431581e-01
2.350000000000000000e+02 2.415080388873741546e-02 -2.173932521316106758e-01 9.757852799664329391e-01
2.360000000000000000e+02 -1.978641967226970610e-01 5.106110611712001701e-02 9.788986275898940992e-01
2.370000000000000000e+02 1.578714552404378579e-01 -1.550467942916661512e-01 9.752113079738893298e-01
2.380000000000000000e+02 1.689011872043800766e-01 -1.707373612870428381e-01 9.707322712373834817e-01
2.390000000000000000e+02 1.569560048467260327e-01 1.023529127038711461e-01 9.822874802233755309e-01
2.400000000000000000e+02 2.185950476168768697e-01 -6.284740467681036724e-02 9.737897149193788238e-01
2.410000000000000000e+02 -1.142400747826013974e-02 2.072976317377578648e-01 9.782112164195694293e-01
2.420000000000000000e+02 1.990882059111087621e-02 -1.893336151056564942e-01 9.817109661472129822e-01
2.430000000000000000e+02 4.115130210692555246e-02 1.550747234750027292e-01 9.870452879549428404e-01
2.440000000000000000e+02 -1.066303520643694797e-01 -9.493138182041502282e-02 9.897565361058724420e-01
2.450000000000000000e+02 -1.674038422907332402e-01 -4.952423110143719387e-02 9.846437447727534042e-01
2.460000000000000000e+02 1.456155477951469601e-01 -1.000661874972615106e-02 9.892906447659943758e-01
2.470000000000000000e+02 -1.200961526611236119e-01 7.748789598907418474e-02 9.897335702557443771e-01
2.480000000000000000e+02 -1.922354022383738481e-01 6.261410338714648582e-03 9.813288668264177339e-01
2.490000000000000000e+02 -7.123314269339020566e-02 -1.442428369620482598e-01 9.869750976428753875e-01
2.500000000000000000e+02 7.571479811960526995e-02 8.201894444897014913e-02 9.937505532562909139e-01
2.510000000000000000e+02 9.456539057364841960e-03 -1.575436374975994758e-01 9.874667468593975039e-01
2.520000000000000000e+02 -7.224714429367638802e-02 1.534755370185603984e-01 9.855077928044371216e-01
2.530000000000000000e+02 4.415155736950635013e-02 -1.183657565701999453e-01 9.919879977365712032e-01
2.540000000000000000e+02 -1.304729908062844668e-01 1.374948963006440150e-01 9.818716576830895937e-01
2.550000000000000000e+02 1.471091444305089868e-01 -1.330983371078222829e-02 9.890307113287812868e-01
2.560000000000000000e+02 9.710645964254034646e-02 -6.184451549243438762e-02 9.933506890314205418e-01
2.570000000000000000e+02 4.889655420330971808e-02 9.989402080970465059e-02 9.937959104330794657e-01
2.580000000000000000e+02 -1.285568239953885639e-01 1.683351333876411948e-01 9.773108133401492426e-01
2.590000000000000000e+02 -7.773245331468597863e-02 1.556427370070795346e-01 9.847502242287764496e-01
2.600000000000000000e+02 -1.386247571429288783e-01 -1.071982507049764471e-01 9.845261356372703165e-01
2.610000000000000000e+02 -4.971726752732563009e-02 -1.633957764793265988e-01 9.853070656086529988e-01
2.620000000000000000e+02 -1.704397330796484367e-01 -4.399239623958266232e-02 9.843855781454936560e-01
2.630000000000000000e+02 -1.114513365394702998e-02 -1.598484599474620793e-01 9.870786472456287708e-01
2.640000000000000000e+02 1.155412095622807001e-01 -1.013711509125561488e-01 9.881164499468416684e-01
2.650000000000000000e+02 6.235524340602049270e-02 1.552280671620058783e-01 9.859087537824805514e-01
2.660000000000000000e+02 -1.237489262027344356e-01 1.395128473043816542e-01 9.824573113884869091e-01
2.670000000000000000e+02 6.517349402205518949e-02 -1.010028115308585495e-01 9.927491363581331107e-01
2.680000000000000000e+02 1.453954463096305827e-01 7.038089195113594876e-02 9.868671107300041045e-01
2.690000000000000000e+02 -7.561707278661991549e-02 -1.155680225984866694e-01 9.904171295246557705e-01
2.700000000000000000e+02 1.006381811293900058e-02 1.839213357332148135e-01 9.828894453737407888e-01
2.710000000000000000e+02 -1.449818357989809126e-01 3.291525670523332003e-02 9.888866735700233557e-01
2.720000000000000000e+02 -9.575066830693675091e-02 1.312113221999079427e-01 9.867195135626571911e-01
2.730000000000000000e+02 -1.081437772430531991e-01 1.488260267801008174e-01 9.829322139376924783e-01
2.740000000000000000e+02 1.380114771175551258e-01 8.753711571450256690e-02 9.865546541151262172e-01
2.750000000000000000e+02 1.755151254861028742e-01 4.980544334664813166e-02 9.832160792718157571e-01
2.760000000000000000e+02 -1.487386071559874956e-01 -1.679092509451978604e-02 9.887339842322437899e-01
2.770000000000000000e+02 1.451862840646729880e-01 -7.874207153215928567e-02 9.862660032112617881e-01
2.780000000000000000e+02 6.569009674764811346e-02 -1.394701820675725568e-01 9.880449784819125281e-01
2.790000000000000000e+02 1.191097748221330160e-01 1.545623070072735250e-01 9.807769138771620376e-01
2.800000000000000000e+02 1.944418522576448205e-01 6.535623963039195738e-02 9.787343500827949683e-01
2.810000000000000000e+02 4.996213773641289269e-03 -1.981052278744392381e-01 9.801680246451343059e-01
2.820000000000000000e+02 1.954098098677719830e-01 -4.136735979454499168e-02 9.798488392354559595e-01
2.830000000000000000e+02 1.620915466561870799e-01 4.656463813221131676e-02 9.856764504533023219e-01
2.840000000000000000e+02 -9.095214836965832828e-02 9.164935259469847439e-02 9.916290147408537425e-01
2.850000000000000000e+02 -1.174435872022729088e-01 -1.252720961442768677e-01 9.851466417506995477e-01
2.860000000000000000e+02 -1.354360851974727997e-01 1.084275112217570058e-01 9.848352865513292365e-01
2.870000000000000000e+02 -5.253706096321534430e-02 -1.709965473883652276e-01 9.838699294147605912e-01
2.880000000000000000e+02 -2.030814369090531979e-01 1.263293039805067630e-02 9.790803537261445477e-01
2.890000000000000000e+02 1.571210267325184040e-01 -9.219817761343312990e-02 9.832662299719651111e-01
2.900000000000000000e+02 -1.514745950158851995e-01 -9.031275224633687759e-02 9.843267007688378811e-01
2.910000000000000000e+02 -1.139356831775715784e-01 -1.874577488871335684e-01 9.756424818964314349e-01
2.920000000000000000e+02 1.400303951173264283e-01 1.145473290641640107e-01 9.834990583867132541e-01
2.930000000000000000e+02 -3.835839603598546754e-02 1.606870477214299708e-01 9.862597559203749586e-01
2.940000000000000000e+02 8.856247790819241072e-03 1.932663119065872737e-01 9.811063650578837336e-01
2.950000000000000000e+02 -2.236017107545728855e-01 2.588401211459016860e-02 9.743368477402876149e-01
2.960000000000000000e+02 1.565827613751651637e-01 -6.187327218633931203e-02 9.857248789743937589e-01
2.970000000000000000e+02 5.284351852910086633e-02 1.477891232993158721e-01 9.876061652216859832e-01
2.980000000000000000e+02 -8.642048712395904164e-02 -1.070033007071034964e-01 9.904957309564960122e-01
2.990000000000000000e+02 3.007211574779265484e-01 8.113283427370751033e-01 5.013113859834500419e-01
3.000000000000000000e+02 1.482238498927309078e-01 8.539862304179475228e-01 4.987356098971892360e-01
3.010000000000000000e+02 -1.673597900825820328e-01 8.785816714493264179e-01 4.473085593377599256e-01
3.020000000000000000e+02 6.460565543899021712e-01 5.558683609071426446e-01 5.230882276177262202e-01
3.030000000000000000e+02 3.268522480970377231e-01 7.792530321217652212e-01 5.347263971817248773e-01
3.040000000000000000e+02 4.116366190471868608e-02 8.682919323442011006e-01 4.943426677564534688e-01
3.050000000000000000e+02 6.544835903035443048e-01 5.605149701721782174e-01 5.074191543844841501e-01
3.060000000000000000e+02 4.786613312553058552e-01 7.177358997073125524e-01 5.057059503626915031e-01
3.070000000000000000e+02 -4.766391418489407950e-01 7.553442504716637584e-01 4.497445850000931777e-01
3.080000000000000000e+02 7.102185333010859747e-01 5.167940555343075726e-01 4.780308976625436967e-01
3.090000000000000000e+02 2.719650456412689432e-01 8.123517260301664766e-01 5.158678970096434169e-01
3.100000000000000000e+02 -2.724195317505544445e-01 8.272232187315367025e-01 4.914156541180234039e-01
3.110000000000000000e+02 -5.276993691719703561e-01 7.050328731609554200e-01 4.737742326656364522e-01
3.120000000000000000e+02 -3.977554828591128300e-01 7.974749763237380940e-01 4.536785624128247818e-01
3.130000000000000000e+02 7.954897552522990356e-01 2.894777462860774753e-01 5.323520298578479082e-01
3.140000000000000000e+02 5.160793713171982211e-02 8.646323391022222582e-01 4.997474752348715077e-01
3.150000000000000000e+02 6.646244620074690523e-01 5.632463785567008996e-01 4.909458641683868141e-01
3.160000000000000000e+02 -8.903836735524117696e-02 8.701456826520249654e-01 4.846840827804793084e-01
3.170000000000000000e+02 8.486617083809473439e-01 1.617023764269152619e-01 5.036125953407240008e-01
3.180000000000000000e+02 7.790077268650357212e-01 3.850052302472287136e-01 4.948918408772250421e-01
3.190000000000000000e+02 3.437180342160168767e-01 8.282747600650419706e-01 4.425142198775925406e-01
3.200000000000000000e+02 7.419706100634797519e-01 4.437527703797064516e-01 5.025565566007106355e-01
3.210000000000000000e+02 8.706653894048509423e-01 -5.082192158750199751e-02 4.892432033034831429e-01
3.220000000000000000e+02 -4.935331822576369265e-01 7.900608981281779242e-01 3.636327477820816556e-01
3.230000000000000000e+02 -6.377347949240695923e-01 5.995905953705942260e-01 4.835136495346240570e-01
3.240000000000000000e+02 -9.006751969759618781e-02 8.620705827282825195e-01 4.987205152087115234e-01
3.250000000000000000e+02 8.565952258935910502e-01 1.158509931762725931e-01 5.028152407757535691e-01
3.260000000000000000e+02 -5.337909919051800900e-01 6.938886568982080005e-01 4.833070543545638365e-01
3.270000000000000000e+02 8.248941952007393663e-01 -2.514398475850015968e-01 5.062880304436950807e-01
3.280000000000000000e+02 4.371794061212215809e-01 7.567441736449367351e-01 4.860168953009125214e-01
3.290000000000000000e+02 -8.247423453600574161e-01 3.519858464563644374e-01 4.426127287645359454e-01
3.300000000000000000e+02 -8.302768112114715660e-01 3.101111778220728699e-01 4.631106500117627145e-01
3.310000000000000000e+02 7.768660217659332234e-01 3.714118347245780605e-01 5.084608473148107821e-01
3.320000000000000000e+02 8.584261667660039175e-01 -7.024025381702730941e-02 5.081051298256540338e-01
3.330000000000000000e+02 8.790804886077870917e-01 -4.720715127334951244e-02 4.743300321693214583e-01
3.340000000000000000e+02 -7.203772648804385170e-01 5.003257741319059315e-01 4.803443722816869155e-01
3.350000000000000000e+02 -8.344647655706518563e-01 3.867837133886037337e-01 3.925135845782148913e-01
3.360000000000000000e+02 7.988537683508940557e-01 5.316671939986751250e-01 2.813585819148784473e-01
3.370000000000000000e+02 7.667184829315550898e-01 -3.758702510758126225e-01 5.204462722388740747e-01
3.380000000000000000e+02 -2.857494545568075028e-01 8.833462203577380212e-01 3.715463688426866029e-01
3.390000000000000000e+02 -4.587601502629736205e-01 7.513565175213694491e-01 4.743442927967552181e-01
3.400000000000000000e+02 8.058505236240789404e-01 -3.241428889189169604e-01 4.955162168265502265e-01
3.410000000000000000e+02 7.162303351611223334e-01 -4.682463269258816396e-01 5.174548137909308343e-01
3.420000000000000000e+02 -8.188361851697588678e-01 2.793464067943683959e-01 5.014707238391010735e-01
3.430000000000000000e+02 -8.962067973441283364e-01 -1.787035229646155021e-01 4.060522469759472730e-01
3.440000000000000000e+02 9.157714996456907119e-01 -5.283442373611441090e-02 3.982098493321776789e-01
3.450000000000000000e+02 5.187916020422315144e-01 8.107103978398295663e-01 2.713004321501170657e-01
3.460000000000000000e+02 8.001192461337585105e-01 -3.528342532449137980e-01 4.850950233752661100e-01
3.470000000000000000e+02 5.781478688879646555e-01 -6.269942325183929244e-01 5.221333872574867030e-01
3.480000000000000000e+02 -7.530124993490771024e-01 4.312093977968838310e-01 4.970217611691716275e-01
3.490000000000000000e+02 -8.546943826757595897e-01 1.690856566200531763e-01 4.908233418938710013e-01
3.500000000000000000e+02 -9.650539111419281779e-01 -7.090651371981594731e-02 2.522760688249462424e-01
3.510000000000000000e+02 -7.050500155044315820e-01 5.118050587703004695e-01 4.908768251347074285e-01
3.520000000000000000e+02 -9.279351547754872698e-01 -1.304334529220468886e-01 3.491754041891045324e-01
3.530000000000000000e+02 -8.403475427520232799e-01 -2.586895515934126144e-01 4.763357253944273118e-01
3.540000000000000000e+02 -8.745736532525590912e-01 -1.149191483839532429e-01 4.710780342694610434e-01
3.550000000000000000e+02 7.758111344888917182e-01 -5.707601721641991643e-01 2.689793848497549766e-01
3.560000000000000000e+02 7.310287384460487647e-01 -4.615718870850502586e-01 5.025419152854059268e-01
3.570000000000000000e+02 5.669134000066146095e-01 -6.495826216422776467e-01 5.066079495559516754e-01
3.580000000000000000e+02 7.669428120641744728e-01 -3.293590626722925907e-01 5.507461582786803422e-01
3.590000000000000000e+02 5.491985847151956701e-01 -6.831587836734620556e-01 4.813262831350699766e-01
3.600000000000000000e+02 5.042330475020719849e-01 -7.050016931431892786e-01 4.987200080927269852e-01
3.610000000000000000e+02 -3.308848102758715770e-01 -9.366111042183973279e-01 1.152166732009521355e-01
3.620000000000000000e+02 -8.606633925789827222e-01 1.100621744382140055e-01 4.971366436226241636e-01
3.630000000000000000e+02 -6.837526275634726591e-01 -5.476758692273404616e-01 4.822172607509238040e-01
3.640000000000000000e+02 2.415444842131220793e-01 -8.334151460454864990e-01 4.970668531376815635e-01
3.650000000000000000e+02 1.320893576893975296e-01 -9.279319070081653020e-01 3.485610097836417953e-01
3.660000000000000000e+02 -8.255150701596329910e-01 -2.758525863739132999e-01 4.923720336596699165e-01
3.670000000000000000e+02 -4.028766388743882376e-01 -8.174452537745504621e-01 4.116718000188215876e-01
3.680000000000000000e+02 -5.154160926802489051e-01 -7.160937897191345103e-01 4.706972867267381067e-01
3.690000000000000000e+02 3.212424087351525293e-01 -7.861634087640184676e-01 5.279681899040662429e-01
3.700000000000000000e+02 5.201652399204581556e-01 -6.908964864676860884e-01 5.020858175303291038e-01
3.710000000000000000e+02 2.818784486336952666e-01 -8.154894115997006754e-01 5.054914042440635802e-01
3.720000000000000000e+02 -6.845985418650161192e-01 -5.400119174050398430e-01 4.896038863579682543e-01
3.730000000000000000e+02 -5.293720256086862364e-01 -7.352180373898935528e-01 4.233434728438710826e-01
3.740000000000000000e+02 1.883378243247494366e-01 -8.357567110743444605e-01 5.157902517717978252e-01
3.750000000000000000e+02 8.216764479114552211e-02 -8.523087934376740726e-01 5.165444789931381564e-01
3.760000000000000000e+02 -1.469743583243225682e-01 -8.602464104452289817e-01 4.882362658705848846e-01
3.770000000000000000e+02 -8.313166802123084231e-01 -2.667481802637124977e-01 4.876043329655557201e-01
3.780000000000000000e+02 -6.318333340367014717e-02 -8.627975005828065758e-01 5.015858245286271000e-01
3.790000000000000000e+02 -1.170468517898122229e-01 -8.929822557939470773e-01 4.346064027637505101e-01
3.800000000000000000e+02 -1.100683359087228086e-01 -8.621611127719270851e-01 4.945332921595441134e-01
3.810000000000000000e+02 -5.440714307969819474e-01 -6.712538365808788932e-01 5.033930522623208947e-01
3.820000000000000000e+02 -3.951235694876032434e-01 -7.738285439434944291e-01 4.950421693287014868e-01
3.830000000000000000e+02 -6.719478286007432022e-01 -5.597671971147737402e-01 4.849193754357690733e-01
3.840000000000000000e+02 -2.617627359323700942e-01 -8.248112266593644604e-01 5.011653524076407074e-01
