0.000000000000000000e+00 -1.591884760851815239e-01 9.694190565247600144e-01 1.867771986306725196e-01
1.000000000000000000e+00 -9.002767874411728988e-01 -4.314782188756436376e-01 5.769100996258821196e-02
2.000000000000000000e+00 9.958389338214965747e-01 -5.686566881420042352e-02 7.121175180810196403e-02
3.000000000000000000e+00 1.313182993978249669e-01 9.637890784012572709e-01 2.320907507802036362e-01
4.000000000000000000e+00 4.623180700737486437e-01 8.658325692432070619e-01 1.913007164675337712e-01
5.000000000000000000e+00 7.803126795131947180e-01 5.977046630867072219e-01 1.840142872587461342e-01
6.000000000000000000e+00 9.234071565283986649e-01 2.907225034045382572e-01 2.505985819719173668e-01
7.000000000000000000e+00 9.778689471583790205e-01 1.335574330289188497e-02 2.087916337025758906e-01
8.000000000000000000e+00 9.421489141381532706e-01 -2.524235087316265558e-01 2.205397828690167650e-01
9.000000000000000000e+00 7.589708696362608142e-01 -6.127757754146492264e-01 2.201569170127377628e-01
1.000000000000000000e+01 4.883721294381023759e-01 -8.301959740880345828e-01 2.688257945140549166e-01
1.100000000000000000e+01 1.272494125231085627e-01 -9.595570958161012687e-01 2.511130559757757119e-01
1.200000000000000000e+01 -1.620015526664057015e-01 -9.544141631290415928e-01 2.506972320396958498e-01
1.300000000000000000e+01 -4.812786727331274106e-01 -8.488681844198516790e-01 2.186175762650018339e-01
1.400000000000000000e+01 -6.696217766772455393e-01 -7.190503149125653248e-01 1.859390244777840151e-01
1.500000000000000000e+01 -8.812675581215484444e-01 -4.272115076307945181e-01 2.021331708312787967e-01
1.600000000000000000e+01 -9.661239808104498117e-01 -9.961135412457360061e-02 2.380798854007588616e-01
1.700000000000000000e+01 -9.348814261096308753e-01 2.681805399710592286e-01 2.325422909839285346e-01
1.800000000000000000e+01 -7.853081389234604082e-01 5.837624405824063389e-01 2.061856927767872494e-01
1.900000000000000000e+01 -4.462124261185232976e-01 8.641941264766510589e-01 2.325144781313185638e-01
2.000000000000000000e+01 -9.761966436706865924e-01 -2.013330375595417596e-02 2.159508346035206028e-01
2.100000000000000000e+01 -9.526028787886871019e-01 2.629635516848914389e-01 1.529638055514221939e-01
2.200000000000000000e+01 -8.093901829006039383e-01 5.695338985271863885e-01 1.432433951445986064e-01
2.300000000000000000e+01 -5.646542815621419242e-01 8.017190961942847194e-01 1.959898801238489086e-01
2.400000000000000000e+01 -2.817706055946467836e-01 9.523572157989941278e-01 1.167092941389598071e-01
2.500000000000000000e+01 5.623704985318777466e-02 9.819395753974428098e-01 1.806434734279094567e-01
2.600000000000000000e+01 4.640396731617073556e-01 8.807224752676240387e-01 9.484251836832070792e-02
2.700000000000000000e+01 7.834659526285523423e-01 6.111848771623772381e-01 1.124017215163760908e-01
2.800000000000000000e+01 9.741118644981483499e-01 1.908469933987081424e-01 1.211754948602015713e-01
2.900000000000000000e+01 9.327093563100760099e-01 -3.049386570526350648e-01 1.925244713967011190e-01
3.000000000000000000e+01 7.758734825119261158e-01 -6.100604142730481350e-01 1.607688715884170172e-01
3.100000000000000000e+01 5.246774824442124174e-01 -8.359836025883529143e-01 1.607636638653213990e-01
3.200000000000000000e+01 1.255497827552115031e-01 -9.654595846571120132e-01 2.283090940892105458e-01
3.300000000000000000e+01 -2.282946411250442453e-01 -9.522696834465990134e-01 2.026425592566905576e-01
3.400000000000000000e+01 -5.993895501417852989e-01 -7.906141047837716984e-01 1.251459328055992415e-01
3.500000000000000000e+01 8.330702393155986485e-01 -4.954118880730564722e-01 2.460915226547650547e-01
3.600000000000000000e+01 3.265333742943667961e-01 -8.962718230257676888e-01 3.001212666939847562e-01
3.700000000000000000e+01 -1.202018328734017621e-01 -9.411708729622625391e-01 3.158305040070187863e-01
3.800000000000000000e+01 -6.739375332732701063e-01 -7.021932780968266341e-01 2.296362372126248830e-01
3.900000000000000000e+01 -8.930637769053615393e-01 -3.792112102544925034e-01 2.421486080836597887e-01
4.000000000000000000e+01 -9.479293374733165356e-01 2.144377127578067921e-01 2.354706744046902722e-01
4.100000000000000000e+01 -6.878992120498189644e-01 6.008099417176548940e-01 4.072125832958339853e-01
4.200000000000000000e+01 -1.725223416935256215e-01 9.530188382006395953e-01 2.489801912829324171e-01
4.300000000000000000e+01 3.719187281265218248e-01 8.992041971458827332e-01 2.304523193720967866e-01
4.400000000000000000e+01 7.456482611111762138e-01 6.609258081607433111e-01 8.476878440173402085e-02
4.500000000000000000e+01 9.195241403330524088e-01 2.534492509769173951e-01 3.003977904778940555e-01
4.600000000000000000e+01 8.224565991769247075e-01 -1.502265598685019743e-01 -5.486320471685945943e-01
4.700000000000000000e+01 -7.863370898613891713e-02 -9.967858742501773950e-01 1.531863918214883095e-02
4.800000000000000000e+01 -4.522833390777246110e-01 -2.149871340363233851e-02 -8.916151560593238434e-01
4.900000000000000000e+01 2.450242644087493316e-01 8.319887925822609942e-01 -4.977527085495998538e-01
5.000000000000000000e+01 -4.024873754078598168e-03 2.132540441841153100e-01 -9.769884917594389151e-01
5.100000000000000000e+01 -8.665350747425910605e-01 4.512843587106138421e-01 -2.132120817965114934e-01
5.200000000000000000e+01 3.031531327573802614e-02 9.889252999917063081e-01 1.452850054799453006e-01
5.300000000000000000e+01 -9.565027449154290817e-01 -1.928664770708295173e-01 -2.188721567297609860e-01
5.400000000000000000e+01 9.784738719605687862e-01 -8.799031877639823529e-02 -1.866724020634024928e-01
5.500000000000000000e+01 8.916672070948281625e-01 -3.976330541657445705e-01 2.163736259957085850e-01
5.600000000000000000e+01 -4.948498443632747823e-01 7.587586298062216628e-01 -4.235669642786462075e-01
5.700000000000000000e+01 1.289725755658240221e-02 -3.745847266721752389e-01 -9.271029841886234690e-01
5.800000000000000000e+01 1.000993845720801190e-01 9.949773154433698696e-01 5.049370215123581999e-04
5.900000000000000000e+01 9.274449300889812120e-01 -1.357365550585577230e-01 -3.484558641680176594e-01
6.000000000000000000e+01 -1.766026095316630962e-01 -9.767431031945199571e-01 -1.215912359857660718e-01
6.100000000000000000e+01 -9.526610651251856687e-01 2.679182171350778519e-01 -1.437244722436236966e-01
6.200000000000000000e+01 -7.201843469027605638e-01 -1.597230187597825299e-02 -6.935988696999347836e-01
6.300000000000000000e+01 -6.286735013103144087e-01 -3.700331507146098486e-01 -6.839920292828339798e-01
6.400000000000000000e+01 -1.813130092732925802e-01 9.832683836015112533e-01 1.757493891694363736e-02
6.500000000000000000e+01 8.348067178187277282e-01 5.415111279473182604e-01 9.931486391243921075e-02
6.600000000000000000e+01 7.977689658043145560e-01 -5.486893893794174693e-01 -2.500092621923364899e-01
6.700000000000000000e+01 2.925063317589360334e-01 9.501182707879080036e-01 -1.082373197927905956e-01
6.800000000000000000e+01 -9.227343914863617158e-01 -3.376313677948349357e-01 1.859201501970210169e-01
6.900000000000000000e+01 -9.537190415460774506e-01 -3.002966131135295091e-01 -1.555422595228849077e-02
7.000000000000000000e+01 7.664093538529936911e-01 -6.372379358059463428e-01 8.089817980902570815e-02
7.100000000000000000e+01 7.706624983405215012e-02 -9.969000371762442025e-01 -1.584641961195915397e-02
7.200000000000000000e+01 2.608589482931817360e-01 6.839602609353844231e-01 -6.812862618287381933e-01
7.300000000000000000e+01 3.499830136906850186e-01 9.225458591011913567e-01 1.625454643576087488e-01
7.400000000000000000e+01 5.505975287078274105e-01 -4.232208351626348675e-01 -7.195321299741069820e-01
7.500000000000000000e+01 4.393201458651278535e-01 -8.989328188352010973e-02 -8.938215746496909198e-01
7.600000000000000000e+01 -7.990456781909678341e-01 -5.993025803994748157e-01 -4.860474555912649292e-02
7.700000000000000000e+01 -9.136903759121649538e-01 -2.137804202462713354e-01 -3.456411851686868597e-01
7.800000000000000000e+01 5.988219771108391765e-01 7.864845550345059833e-01 -1.511763355199511605e-01
7.900000000000000000e+01 -5.403009461545862369e-01 8.105345473862750616e-01 -2.260721899698970583e-01
8.000000000000000000e+01 8.699505148511709196e-01 1.032103021276525728e-01 -4.822175186001658731e-01
8.100000000000000000e+01 6.058625868726676966e-01 -7.183394549486974423e-01 -3.419341358974964384e-01
8.200000000000000000e+01 9.583040224629799653e-01 1.740939143366128372e-01 -2.265937102441911433e-01
8.300000000000000000e+01 6.404278293931304766e-01 -7.446012896515283863e-01 -1.882049807738475078e-01
8.400000000000000000e+01 -8.883473998844141351e-01 3.511021234846053440e-01 -2.959158596682543441e-01
8.500000000000000000e+01 -2.884872716999241637e-01 9.401348277369059314e-01 -1.814431033223156964e-01
8.600000000000000000e+01 -4.416346347267223749e-01 8.806596739779352090e-01 1.714566651923201956e-01
8.700000000000000000e+01 9.436641609368949801e-01 2.954066150694912296e-01 1.491069520057716757e-01
8.800000000000000000e+01 4.424018893402707486e-01 8.607126208167981130e-01 -2.519014741418510450e-01
8.900000000000000000e+01 8.455293088121018652e-01 4.839510350239469294e-01 -2.255472980085989620e-01
9.000000000000000000e+01 9.439282422831474229e-01 3.299104474091840711e-01 -1.259246244861453659e-02
9.100000000000000000e+01 9.748431213982104993e-01 -2.228618584491844912e-01 3.671608798575829846e-03
9.200000000000000000e+01 7.518208586881519606e-01 -6.416206654201138671e-01 1.519484062017771586e-01
9.300000000000000000e+01 -1.835422728138269288e-01 9.824273349771700525e-01 3.389344449875276305e-02
9.400000000000000000e+01 9.389425184468740415e-01 1.909621748923306106e-01 -2.862173908291261726e-01
9.500000000000000000e+01 7.821776916171476746e-01 -6.054038946716563396e-01 -1.472555026233671738e-01
9.600000000000000000e+01 -6.827298996453421420e-01 -7.057892853581981818e-01 -1.890538780449242673e-01
9.700000000000000000e+01 -7.974062946818814002e-01 5.949898258678522067e-01 -1.006494327627107527e-01
9.800000000000000000e+01 -3.603295516373784535e-01 -8.650390289674947386e-01 -3.490989724702432406e-01
9.900000000000000000e+01 -4.610239971854420138e-01 -8.753948275801455292e-01 -1.453986584019428541e-01
1.000000000000000000e+02 -6.148369025899718121e-01 -7.886151649212991277e-01 7.855244727038039956e-03
1.010000000000000000e+02 -5.056490458765187102e-01 8.621744924110772423e-01 3.121196949677470384e-02
1.020000000000000000e+02 4.815491044489859651e-01 7.787492623797725999e-01 -4.020697033442579560e-01
1.030000000000000000e+02 -6.086325114620276810e-01 -6.166362509194600605e-01 -4.993257454241845084e-01
1.040000000000000000e+02 -6.597950057080556041e-01 7.502186408989982569e-01 -4.292483302666390277e-02
1.050000000000000000e+02 -3.694506888229829866e-01 7.364638544132982023e-01 -5.666808446303188695e-01
1.060000000000000000e+02 -1.474456520095374090e-01 9.011384992876082523e-01 -4.076876068819850207e-01
1.070000000000000000e+02 -8.820387436453372976e-01 1.764275459162690241e-01 -4.368992741473918806e-01
1.080000000000000000e+02 -9.976910859735094173e-01 6.566377144526142073e-02 1.734260904777814444e-02
1.090000000000000000e+02 1.615037689253494835e-01 -6.313913333337993761e-01 -7.584599638833117163e-01
1.100000000000000000e+02 8.174687681955642438e-01 -4.149658019794469355e-01 -3.994348460166958770e-01
1.110000000000000000e+02 8.460352691234742650e-01 -5.331268152703169116e-01 3.496268009218926804e-04
1.120000000000000000e+02 -1.535031789323511586e-01 -9.587594766022945469e-01 -2.392008362923442599e-01
1.130000000000000000e+02 2.868671166025326125e-01 9.425284798549415921e-01 -1.713106011736635348e-01
1.140000000000000000e+02 6.779245801249401682e-01 -5.136284930416362693e-01 -5.259315875645821370e-01
1.150000000000000000e+02 7.695724108488873894e-01 2.630235497093887376e-01 -5.818736261066522752e-01
1.160000000000000000e+02 4.118372049344325991e-01 3.480483937388728077e-01 -8.421712606397732115e-01
1.170000000000000000e+02 -5.136698412521601975e-01 3.722528514033408564e-01 -7.730272367841011238e-01
1.180000000000000000e+02 -9.840409771477771628e-01 -1.589434272300075113e-01 8.000213893657616426e-02
1.190000000000000000e+02 3.341040115017038792e-01 -8.434947551844333979e-01 -4.205842453954050097e-01
1.200000000000000000e+02 6.047635762613969845e-01 6.309448785253956027e-01 -4.859728151760131509e-01
1.210000000000000000e+02 8.194146844036147570e-01 4.246144827140668210e-01 -3.850481996493295700e-01
1.220000000000000000e+02 -5.252243895144058650e-01 -6.693496650872835518e-01 -5.254620504915280543e-01
1.230000000000000000e+02 -7.020701175140818817e-01 7.038828794850340298e-01 1.079186826347519890e-01
1.240000000000000000e+02 -2.640730248655138168e-01 -9.554537565949559053e-01 1.318087878214678765e-01
1.250000000000000000e+02 5.462848655251041352e-01 5.812063645287310898e-01 -6.031351486437470655e-01
1.260000000000000000e+02 2.566486602419706387e-01 -9.543131148950949605e-01 1.530292257551569834e-01
1.270000000000000000e+02 -7.544872815647636344e-01 -5.660985765850987672e-01 -3.320863495317720182e-01
1.280000000000000000e+02 9.386735511300084989e-01 -3.281528087861707577e-01 -1.058664181632971851e-01
1.290000000000000000e+02 -2.564705482820255344e-01 -4.574377409365488756e-01 -8.514537985297758738e-01
1.300000000000000000e+02 -8.082393154135063540e-01 5.886832873663844223e-01 1.418436446985299644e-02
1.310000000000000000e+02 -5.106197071750481244e-03 9.908395349307986821e-01 -1.349479261403563612e-01
1.320000000000000000e+02 -6.172062329856928820e-01 7.818829120941342969e-01 -8.783836143056780732e-02
1.330000000000000000e+02 9.545558316750503147e-01 2.915673323521445481e-01 -6.173860154074758272e-02
1.340000000000000000e+02 -9.885261843356111244e-01 -7.682498852676342138e-03 1.508541086422775790e-01
1.350000000000000000e+02 9.401879871599808647e-01 -3.388435123035005159e-01 3.509448631752966341e-02
1.360000000000000000e+02 4.506560740458613878e-01 -8.522002739153444750e-01 -2.658266278313424769e-01
1.370000000000000000e+02 9.031225699978705224e-02 -8.301351532266344480e-01 -5.501993489754387623e-01
1.380000000000000000e+02 -7.088887323031576315e-01 6.416415272947384452e-01 -2.928701344700370690e-01
1.390000000000000000e+02 -3.652264891184535123e-01 -9.306456365096732464e-01 2.254575107893939945e-02
1.400000000000000000e+02 -9.776178394730765664e-01 1.056123974686197647e-01 -1.819598347023991813e-01
1.410000000000000000e+02 6.895470112634479731e-01 -6.273952703468167746e-02 -7.215183095425304893e-01
1.420000000000000000e+02 -5.658040224216677183e-01 -8.092321146995229419e-01 1.581429503657981184e-01
1.430000000000000000e+02 -3.555073825683057742e-01 8.816526182984518734e-01 -3.103275069775746631e-01
1.440000000000000000e+02 -9.279504492062405907e-01 -5.007261929064341088e-02 -3.693246493470353498e-01
1.450000000000000000e+02 7.534397609082350566e-01 6.571975365545881242e-01 2.049206258829603527e-02
1.460000000000000000e+02 -8.336356822935314659e-01 -5.058121430814832564e-01 -2.218234097617191036e-01
1.470000000000000000e+02 7.177449985170417657e-01 6.436419411358902387e-01 -2.656448168412006150e-01
1.480000000000000000e+02 -2.624828309926385134e-02 6.298620437780018122e-01 -7.762633789134584239e-01
1.490000000000000000e+02 -7.673251414678531335e-01 -6.270931012584715081e-01 1.340386870473282421e-01
1.500000000000000000e+02 -6.287479494238960021e-01 4.770060308685369899e-01 -6.141182806351643819e-01
1.510000000000000000e+02 -7.083712206070116313e-01 5.052651222084143523e-01 -4.928664830311029754e-01
1.520000000000000000e+02 -8.518967148903970887e-01 -5.213898439053746836e-01 4.924040852062695761e-02
1.530000000000000000e+02 -3.131475247296730546e-01 -8.337235232193155321e-01 -4.548007416291778848e-01
1.540000000000000000e+02 -6.366819036955411182e-01 -7.126014223529766323e-01 -2.946784117765273159e-01
1.550000000000000000e+02 -6.506457441971963407e-01 7.513142086344262172e-01 1.103950880343080171e-01
1.560000000000000000e+02 6.258392445808919069e-01 -7.796939713930229887e-01 -2.006367154322724264e-02
1.570000000000000000e+02 -2.681128106219762830e-02 9.587419822607352593e-01 -2.830105416032412391e-01
1.580000000000000000e+02 -2.156113257004492467e-01 9.505770508909200389e-01 2.234167105415707788e-01
1.590000000000000000e+02 3.678889282146408646e-01 -7.522585093620053343e-01 -5.465938817710427333e-01
1.600000000000000000e+02 6.072028770674313680e-01 7.811375684071708569e-01 1.453573709997758034e-01
1.610000000000000000e+02 9.953305442182717178e-01 4.015169116392337811e-02 8.777784141134903351e-02
1.620000000000000000e+02 9.899803137314181489e-01 -3.780074268956679084e-02 1.360517632240029751e-01
1.630000000000000000e+02 -9.690161269273048217e-02 -9.157254466343315302e-01 -3.899448471821394535e-01
1.640000000000000000e+02 9.979296981800364064e-01 6.398207367764064367e-03 -6.399515944804276546e-02
1.650000000000000000e+02 -4.182226526946715428e-02 -9.944869376785758774e-01 9.615939327189358676e-02
1.660000000000000000e+02 8.340536913369069882e-01 5.431519593376578081e-01 -9.664568813425153393e-02
1.670000000000000000e+02 5.503080635832825473e-01 -8.274062259650758477e-01 1.120712826260486655e-01
1.680000000000000000e+02 -9.304797434180870352e-01 3.643758387176134761e-01 3.791695197990718053e-02
1.690000000000000000e+02 4.852323876705147976e-01 8.740959204157537910e-01 -2.249115088446149505e-02
1.700000000000000000e+02 4.033213259607031365e-01 -9.033284640618125527e-01 -1.460465475149174408e-01
1.710000000000000000e+02 4.388907372191377942e-01 -8.966371889009748797e-01 -5.845230759344824389e-02
1.720000000000000000e+02 -9.139095715438945167e-01 -3.985855110152220493e-01 -7.680420202820605058e-02
1.730000000000000000e+02 -8.171966281956771772e-01 1.111364027817451083e-01 -5.655425455634172094e-01
1.740000000000000000e+02 -9.751987623073808953e-01 1.819546049906670404e-01 1.260154582455772498e-01
1.750000000000000000e+02 -1.263597834455238711e-01 -7.640498265046403725e-01 -6.326618905433054607e-01
1.760000000000000000e+02 -7.680078807865714507e-02 7.989339438382923042e-01 -5.964949223031907888e-01
1.770000000000000000e+02 2.256896830299546797e-01 -9.686390808983212919e-01 1.039350659320234516e-01
1.780000000000000000e+02 1.280992563816411023e-01 -9.803164171642588798e-01 -1.502341597397258699e-01
1.790000000000000000e+02 -9.265225016166116490e-01 3.761832441767625768e-01 -6.497753361145117493e-03
1.800000000000000000e+02 -7.836066649372740445e-01 5.155601975264093584e-01 -3.466385399698257985e-01
1.810000000000000000e+02 -8.413124080161972218e-01 -3.037211734181157197e-01 -4.471542026365295519e-01
1.820000000000000000e+02 1.887946450958319922e-01 9.192787529271390090e-01 -3.453739370593313374e-01
1.830000000000000000e+02 9.248317730318518226e-01 -2.747611819909635544e-01 -2.630446434765212893e-01
1.840000000000000000e+02 1.525097791673861447e-01 -9.646353871471144981e-01 -2.149868301125714698e-01
1.850000000000000000e+02 -8.443046558521757339e-01 5.030237968568087581e-01 1.847070867673986372e-01
1.860000000000000000e+02 -9.873781035567747999e-01 -1.379319932803658721e-01 -7.784115779156981774e-02
1.870000000000000000e+02 -3.897861373300517962e-01 9.197225407696287824e-01 -4.666063807511162953e-02
1.880000000000000000e+02 3.131646424935456974e-01 -2.114206870568262342e-02 -9.494634904106287188e-01
1.890000000000000000e+02 -4.001400956972794853e-01 7.164477807303891443e-02 -9.136492377221343553e-01
1.900000000000000000e+02 1.458588672119990326e-01 5.099238589973253966e-01 -8.477634392216429893e-01
1.910000000000000000e+02 -5.098612862622942804e-02 -4.714615538959501806e-01 -8.804115048576578451e-01
1.920000000000000000e+02 4.377520788820347675e-01 -5.937016786677595803e-01 -6.751973298092500686e-01
1.930000000000000000e+02 5.563584650801675080e-01 3.425418249447305663e-01 -7.570537342204802789e-01
1.940000000000000000e+02 -5.547336840498870991e-01 -3.732158419080714995e-01 -7.436265696768031841e-01
1.950000000000000000e+02 -9.561537603114179940e-02 6.457231341131191016e-01 -7.575614390513513152e-01
1.960000000000000000e+02 6.948728766692762182e-01 -1.008346851857165466e-01 -7.120281255209391924e-01
1.970000000000000000e+02 -5.530369375808759091e-01 4.626467982088047770e-01 -6.928983228283266405e-01
1.980000000000000000e+02 -3.000493860741776930e-01 -7.090744724531025112e-01 -6.381095191515822052e-01
1.990000000000000000e+02 -8.088109830289462732e-01 1.198271962722711852e-02 -5.879466031554949623e-01
2.000000000000000000e+02 4.300335984878208562e-01 7.173137097070992896e-01 -5.482081229221753560e-01
2.010000000000000000e+02 -1.764519761169990875e-01 8.462034706809201667e-01 -5.027965655530785005e-01
2.020000000000000000e+02 1.247894858984318622e-01 -8.341642107384715787e-01 -5.372128570057385089e-01
2.030000000000000000e+02 -4.557008134936610388e-01 7.413731974153583426e-01 -4.926485062753603317e-01
2.040000000000000000e+02 7.844047884437767015e-01 3.770110961088816715e-01 -4.925157472378457468e-01
2.050000000000000000e+02 -8.690271997380982771e-01 1.983239719350116947e-01 -4.532762163088641660e-01
2.060000000000000000e+02 7.116341547070724749e-01 -4.694554566572174403e-01 -5.226742810480671242e-01
2.070000000000000000e+02 -2.767569832751174963e-01 -8.601213571987197382e-01 -4.284819985706387335e-01
2.080000000000000000e+02 8.754150043624819855e-01 -8.505693472695780022e-02 -4.758296838070213974e-01
2.090000000000000000e+02 -7.131429715430798177e-01 5.576236102288978369e-01 -4.248329218104412441e-01
2.100000000000000000e+02 5.075585870312370185e-01 -7.523906142726674018e-01 -4.198721761265592489e-01
2.110000000000000000e+02 2.134820493101654837e-01 8.893302939630548520e-01 -4.043724061578863882e-01
2.120000000000000000e+02 -7.720796077095555265e-01 -4.818157468767275686e-01 -4.144232925653190680e-01
2.130000000000000000e+02 -4.803142117337030892e-01 -8.121818216652914035e-01 -3.311479224803927091e-01
2.140000000000000000e+02 8.772574913897516202e-01 -3.376433268711200864e-01 -3.411982966252349869e-01
2.150000000000000000e+02 -1.683449655228786701e-01 9.186516930181994889e-01 -3.574059869362803399e-01
2.160000000000000000e+02 -9.391373972630283617e-01 -3.781449324532974027e-02 -3.414542621825415458e-01
2.170000000000000000e+02 8.657555911432542883e-01 3.613854232791876009e-01 -3.462193412354614419e-01
2.180000000000000000e+02 6.153403629060509861e-01 6.890110173496891699e-01 -3.829099838727060834e-01
2.190000000000000000e+02 2.022545569507569752e-01 -9.056441139033868382e-01 -3.726953623870338239e-01
2.200000000000000000e+02 9.597425156136115687e-01 5.627623156726074133e-02 -2.751859180340534006e-01
2.210000000000000000e+02 -5.520441621222154094e-01 7.619049518588911774e-01 -3.387448706618035321e-01
2.220000000000000000e+02 -8.601941716093519652e-01 4.114321778783494588e-01 -3.013130434209230213e-01
2.230000000000000000e+02 -1.508748088541254917e-01 -9.487228083818600721e-01 -2.777801737152373329e-01
2.240000000000000000e+02 -7.263664790656466641e-01 -6.503031605031175388e-01 -2.224804205529831158e-01
2.250000000000000000e+02 6.813207587497782658e-01 -6.637824505698974864e-01 -3.085366785522398181e-01
2.260000000000000000e+02 8.493129613853224180e-01 4.821427726895607391e-01 -2.149554380938440146e-01
2.270000000000000000e+02 -8.246483333314382769e-01 5.156857641434658968e-01 -2.324291698420206664e-01
2.280000000000000000e+02 -8.891021088732219413e-01 -3.841523334412501600e-01 -2.488461868480847661e-01
2.290000000000000000e+02 8.803918859515137418e-01 -4.228730252807974543e-01 -2.146823971372662787e-01
2.300000000000000000e+02 3.768749488611588538e-01 8.988787662515844712e-01 -2.235670738345167663e-01
2.310000000000000000e+02 -9.809005585269829908e-01 7.561170203648472088e-02 -1.792120665485413822e-01
2.320000000000000000e+02 4.598326429290750667e-02 9.687559762900905813e-01 -2.437158136174222556e-01
2.330000000000000000e+02 -2.900081616955983987e-01 9.371798889428333279e-01 -1.938791425374020994e-01
2.340000000000000000e+02 9.676128466931558370e-01 1.425148365816443774e-01 -2.083624252797862675e-01
2.350000000000000000e+02 -4.225007715523617646e-01 -8.868367050876071467e-01 -1.871196316451471386e-01
2.360000000000000000e+02 -6.487043664335376825e-01 7.418519419711480101e-01 -1.698185536497676951e-01
2.370000000000000000e+02 1.045001350123496014e-01 -9.794269920449797384e-01 -1.726339741653536708e-01
2.380000000000000000e+02 -8.941342560151392671e-02 -9.834753521146787358e-01 -1.574213171877028861e-01
2.390000000000000000e+02 9.753085337874631833e-01 -1.725310128095419726e-01 -1.378633872362879931e-01
2.400000000000000000e+02 4.440871586157504880e-01 -8.821879813930963987e-01 -1.566236286074464135e-01
2.410000000000000000e+02 6.015150491286124224e-01 7.829020053715849414e-01 -1.588839062238648903e-01
2.420000000000000000e+02 -6.561478205676478659e-01 -7.433409488856287384e-01 -1.300548779328901117e-01
2.430000000000000000e+02 9.701536743724531453e-01 2.300763986429049390e-01 -7.659437896568815907e-02
2.440000000000000000e+02 -8.990828686399624514e-01 -4.158720202858435799e-01 -1.367496181402607369e-01
2.450000000000000000e+02 -8.728795030181482062e-01 4.717387088917434079e-01 -1.246754336023811749e-01
2.460000000000000000e+02 6.238722734156739724e-01 -7.751447489894077725e-01 -9.966947665813565005e-02
2.470000000000000000e+02 -1.497649648901191455e-01 9.841256528566518780e-01 -9.522160826687443846e-02
2.480000000000000000e+02 -5.234718923614034569e-01 8.451785313971736935e-01 -1.079371482525266907e-01
2.490000000000000000e+02 -9.921548051201346530e-01 1.121612425470086410e-01 -5.521501921885878239e-02
2.500000000000000000e+02 8.626175126392499060e-01 -5.052861239615134004e-01 -2.401998792721771886e-02
2.510000000000000000e+02 -9.678269685897757935e-01 -2.497517967326120802e-01 -3.057775170212983715e-02
2.520000000000000000e+02 7.967724295219010822e-01 6.032339252400414908e-01 -3.553205585466774619e-02
2.530000000000000000e+02 -8.237713922482671203e-01 -5.660804243111852152e-01 -3.088116780531930533e-02
2.540000000000000000e+02 2.810099796898845037e-01 9.548539901616625025e-01 -9.637037297345253661e-02
2.550000000000000000e+02 1.914382842967165266e-01 -9.806196434523964944e-01 -4.167131124436006251e-02
2.560000000000000000e+02 -2.875295707003668877e-01 -9.572539732058805706e-01 -3.148931174887815987e-02
2.570000000000000000e+02 9.928621710556209123e-01 -1.132288600009576512e-01 -3.746911460927126319e-02
2.580000000000000000e+02 5.606887953473964625e-01 8.251982275206353190e-01 -6.838099201303915464e-02
2.590000000000000000e+02 9.475372076389487752e-01 3.187111841684068247e-01 2.442173674732480912e-02
2.600000000000000000e+02 -7.799438345312751375e-01 6.244502672580387603e-01 -4.182677011215246016e-02
2.610000000000000000e+02 -9.398554656796218598e-01 3.414484959239736939e-01 9.199362119040196961e-03
2.620000000000000000e+02 -3.142151314740914136e-01 9.492762030090381442e-01 -1.198088283319762200e-02
2.630000000000000000e+02 -9.984192629451157375e-01 5.616254068238837188e-02 -2.178165336046531449e-03
2.640000000000000000e+02 -6.001158399939301447e-01 -7.998248498956515018e-01 -1.188225895099054123e-02
2.650000000000000000e+02 7.554153406483139488e-01 -6.529318159937523847e-01 5.502460155505433520e-02
2.660000000000000000e+02 7.526781795087178484e-01 6.583872986488127355e-01 1.312657366327793246e-03
2.670000000000000000e+02 -9.625894018167722166e-01 -2.685798298073310275e-01 3.586807118725472698e-02
2.680000000000000000e+02 5.546952583696325156e-01 -8.317518787314341910e-01 -2.240496750670052661e-02
2.690000000000000000e+02 -6.143888770036998181e-01 7.877185911873942903e-01 4.500809829219004632e-02
2.700000000000000000e+02 9.319468690936228983e-01 -3.580146121365079259e-01 5.745059341155354937e-02
2.710000000000000000e+02 4.425352750486442055e-01 8.960656687939173581e-01 3.505492185885580175e-02
2.720000000000000000e+02 8.887667708068667238e-01 4.576560952034255392e-01 2.538750938331012577e-02
2.730000000000000000e+02 9.939790610638906676e-01 3.371362968402628890e-02 1.042545794681210003e-01
2.740000000000000000e+02 3.116586372483401424e-01 -9.493248585613699442e-01 4.063504332399058699e-02
2.750000000000000000e+02 -4.589162842762809641e-02 -9.972198595545075372e-01 5.870698553280443571e-02
2.760000000000000000e+02 5.151190667686695451e-02 9.983667935663386173e-01 2.470362270157129558e-02
2.770000000000000000e+02 -8.275843278069399123e-01 -5.559742813191320687e-01 7.743887189267538440e-02
2.780000000000000000e+02 -9.876331404359083299e-01 1.321772443676722530e-01 8.432055493219914322e-02
2.790000000000000000e+02 6.006868640071865162e-01 -7.977411201177074807e-01 5.276738275257974314e-02
2.800000000000000000e+02 9.959019231934264360e-02 -9.939373823963855159e-01 4.658619397222294595e-02
2.810000000000000000e+02 -8.799711005005012021e-01 4.647213665312940889e-01 9.841195950301757922e-02
2.820000000000000000e+02 -6.617379442174473603e-01 -7.429548259577601899e-01 1.006032791162452117e-01
2.830000000000000000e+02 -3.622273620952792261e-01 -9.263446816727880506e-01 1.033289353764789004e-01
2.840000000000000000e+02 9.830153431270337583e-01 -1.511222317056744868e-01 1.041292766763348143e-01
2.850000000000000000e+02 -2.288227698697043178e-01 9.687322655767853785e-01 9.590587896278830737e-02
2.860000000000000000e+02 9.675629631238100714e-01 2.284226148817771473e-01 1.079121003485891545e-01
2.870000000000000000e+02 -6.930550574660534480e-01 7.155719430035275552e-01 8.735835224454321923e-02
2.880000000000000000e+02 6.255759370166651401e-01 7.709086919201457722e-01 1.198104158564323174e-01
2.890000000000000000e+02 -9.606096715869066882e-01 -2.453575860717928936e-01 1.304941140845751746e-01
2.900000000000000000e+02 2.335126350156480068e-01 9.643612754172575796e-01 1.244153518005277070e-01
2.910000000000000000e+02 -4.087968938671171504e-01 9.038948988319360778e-01 1.259329640332549072e-01
2.920000000000000000e+02 1.265652636480133104e-02 -9.934116201918720135e-01 1.138998033718097574e-01
2.930000000000000000e+02 8.571238870577641000e-01 -5.020777274628693831e-01 1.151372998672025305e-01
2.940000000000000000e+02 6.312078600128354644e-01 -7.620501003394957173e-01 1.444170420365311625e-01
2.950000000000000000e+02 8.285640161905498680e-01 5.315032413704597891e-01 1.760283371701307220e-01
2.960000000000000000e+02 -8.287111206650497053e-01 -5.511992366334108606e-01 9.704267113400573408e-02
2.970000000000000000e+02 3.490030221557109402e-01 -9.293552353280501999e-01 1.203982437352178886e-01
2.980000000000000000e+02 -1.336576914132155680e-01 9.864726383243456187e-01 9.490708805718685304e-02
2.990000000000000000e+02 -9.073245722771623445e-01 4.053210098326515687e-01 -1.117004902867668875e-01
3.000000000000000000e+02 -9.313697127279468857e-01 2.901152625990344736e-01 -2.199627073395738486e-01
3.010000000000000000e+02 -9.832814217790608602e-01 -1.157271189156695163e-01 -1.405876222561117661e-01
3.020000000000000000e+02 -5.991389816414637304e-01 7.939048257911117679e-01 -1.036706721460525227e-01
3.030000000000000000e+02 -8.082075025205418539e-01 5.237482503690559232e-01 -2.692367046018450671e-01
3.040000000000000000e+02 -9.961518126906510062e-01 7.398038266104757510e-02 -4.699435130369755687e-02
3.050000000000000000e+02 -6.109987784695243285e-01 7.874030417721237241e-01 -8.171256033656325302e-02
3.060000000000000000e+02 -8.389898825528262494e-01 5.436821802159200745e-01 2.248697155373789378e-02
3.070000000000000000e+02 -8.790954014581001674e-01 -4.110114320345327199e-01 -2.413729021082203219e-01
3.080000000000000000e+02 -4.195912416460110261e-01 8.559965915430051142e-01 -3.020149420156501008e-01
3.090000000000000000e+02 -9.605634178716084826e-01 2.614259532330984181e-01 9.473326355077038574e-02
3.100000000000000000e+02 -9.554443626215844976e-01 -2.928908554768105410e-01 -3.661989503939666601e-02
3.110000000000000000e+02 -8.350936350800862717e-01 -5.326456125360503613e-01 -1.375037166582183668e-01
3.120000000000000000e+02 -9.115483892745011030e-01 -2.872956190693218836e-01 -2.941781114811869435e-01
3.130000000000000000e+02 -2.063334887718857036e-01 9.554155982659895407e-01 -2.112049383922250112e-01
3.140000000000000000e+02 -8.795638112208831183e-01 2.763512424503267728e-01 -3.872950978088354757e-01
3.150000000000000000e+02 -6.805260926084252260e-01 7.275975430791000731e-01 8.652197746449320770e-02
3.160000000000000000e+02 -9.804816787148505908e-01 -1.622121517588105688e-01 1.110985847177410057e-01
3.170000000000000000e+02 -1.465379523317734967e-01 9.867332163850129900e-01 -6.988696737516925106e-02
3.180000000000000000e+02 -4.615837032042446886e-01 8.863223831261305419e-01 3.705560829176231252e-02
3.190000000000000000e+02 -6.640481890463897363e-01 5.475711289929453551e-01 -5.091226387793036379e-01
3.200000000000000000e+02 -2.685572964316715883e-01 8.835554413666057982e-01 -3.836753322338742334e-01
3.210000000000000000e+02 1.414107864323391195e-01 9.785193241765695049e-01 -1.500097386625854901e-01
3.220000000000000000e+02 -8.281940453162135451e-01 -2.992575176376012225e-01 -4.738560556119826850e-01
3.230000000000000000e+02 -7.036923961108213499e-01 -7.088006766976978623e-01 -4.917938967389230698e-02
3.240000000000000000e+02 -9.701949246458200227e-01 -1.890591376868540896e-01 1.515864461242983352e-01
3.250000000000000000e+02 -2.034343868360380114e-01 9.713616210748842184e-01 1.227642104011522906e-01
3.260000000000000000e+02 -7.767744159307398144e-01 -6.282363292017042466e-01 4.405248490864174804e-02
3.270000000000000000e+02 3.254100771572492334e-01 9.435654554355323853e-01 -6.158338244404568812e-02
3.280000000000000000e+02 -8.942784029648774835e-01 4.232084662253640106e-01 1.454672887826100880e-01
3.290000000000000000e+02 -5.082739355850767193e-01 -8.044942924925003735e-01 -3.073215575774805863e-01
3.300000000000000000e+02 -4.452105950047567373e-01 -8.688961670229605749e-01 -2.163492015892780063e-01
3.310000000000000000e+02 -5.062880439778176811e-01 8.485554164043364045e-01 1.537079107137254985e-01
3.320000000000000000e+02 6.057146283090386607e-02 9.975300726088875969e-01 3.556475968472161409e-02
3.330000000000000000e+02 2.240683625902091802e-01 9.192155061645115310e-01 -3.237842215316605321e-01
3.340000000000000000e+02 -6.653877517477863046e-01 -3.030759840160197616e-01 -6.822053120115291192e-01
3.350000000000000000e+02 -5.359256436079310459e-01 -7.354078738530696047e-01 -4.146793503399134884e-01
3.360000000000000000e+02 -1.853606792683821225e-01 6.625593984790948410e-01 -7.257110045108755569e-01
3.370000000000000000e+02 5.081801094024099852e-01 8.507232948271524764e-01 -1.342492161846333409e-01
3.380000000000000000e+02 -6.771160013934400812e-01 8.824795676039168257e-02 -7.305656841000507384e-01
3.390000000000000000e+02 -8.092501400932460287e-01 -5.737571300169773680e-01 1.261624607945764642e-01
3.400000000000000000e+02 4.862901689909324143e-01 8.397564591213754204e-01 -2.415180343301517596e-01
3.410000000000000000e+02 5.191392936162894101e-01 8.530234932288590644e-01 5.334148313662546992e-02
3.420000000000000000e+02 -3.587583874947029017e-01 -9.310096153238056615e-01 -6.718270295857585450e-02
3.430000000000000000e+02 -4.715774280383339817e-02 -8.717214035814049300e-01 -4.877273232367785316e-01
3.440000000000000000e+02 2.966101781977599772e-01 7.574554710186760520e-01 -5.816215364077990113e-01
3.450000000000000000e+02 -2.242199430351454192e-01 4.352711012213426045e-01 -8.719314684003989235e-01
3.460000000000000000e+02 3.242737493058969744e-01 9.347763310879607657e-01 1.450508405657391919e-01
3.470000000000000000e+02 7.532782382300609036e-01 6.560733519388901591e-01 -4.625637993493399158e-02
3.480000000000000000e+02 -4.684587655890353752e-01 -8.817554127517640561e-01 5.526099009033003800e-02
3.490000000000000000e+02 -1.967252279194524056e-01 -9.804468658401692682e-01 -4.809154211367298176e-03
3.500000000000000000e+02 -2.167459706868466729e-01 -3.250897749634253930e-01 -9.205095449832371157e-01
3.510000000000000000e+02 -5.022592503763880778e-01 -8.490514235225239403e-01 1.638515353169585631e-01
3.520000000000000000e+02 -1.622335901502714728e-01 -7.020619789422545276e-01 -6.933896739573204293e-01
3.530000000000000000e+02 1.036858026764240076e-01 -9.392587089790086496e-01 -3.271732445210512319e-01
3.540000000000000000e+02 6.863335421710443918e-02 -9.910669020593503298e-01 -1.143497194198203198e-01
3.550000000000000000e+02 4.151426933921988360e-01 1.407092903103470405e-01 -8.988089005697648126e-01
3.560000000000000000e+02 6.731700646306429947e-01 6.082327666387239429e-01 -4.205888320820935777e-01
3.570000000000000000e+02 7.197740260960576730e-01 6.897096265262295800e-01 7.890489487047365469e-02
3.580000000000000000e+02 6.398200574278710695e-01 4.583837091282211840e-01 -6.168587109856277229e-01
3.590000000000000000e+02 8.285214446193310822e-01 5.203927495139601955e-01 -2.067452588554265225e-01
3.600000000000000000e+02 8.594151641857412649e-01 4.662339590208373075e-01 -2.098367723335248791e-01
3.610000000000000000e+02 5.340355919283206187e-01 -2.865133503629365141e-01 -7.954345269207098168e-01
3.620000000000000000e+02 -7.434102882997975503e-02 -9.930581686476687153e-01 9.115308614983065605e-02
3.630000000000000000e+02 4.874259582921916523e-01 -8.345715184947477550e-01 -2.567222540028614719e-01
3.640000000000000000e+02 9.683699488788923837e-01 2.400499422229289692e-01 -6.808573526855629665e-02
3.650000000000000000e+02 8.444860458422335237e-01 -7.878076262816266495e-02 -5.297517435719056866e-01
3.660000000000000000e+02 3.229380503954026316e-01 -9.463533106760892988e-01 1.124397524106300096e-02
3.670000000000000000e+02 5.724545104027376485e-01 -5.760060166690080807e-01 -5.835348338194255025e-01
3.680000000000000000e+02 5.978506091233685149e-01 -6.940020364237015071e-01 -4.011680727707186978e-01
3.690000000000000000e+02 9.309853175932782943e-01 1.600870145930339272e-01 -3.280830476943795149e-01
3.700000000000000000e+02 7.375244955265425340e-01 6.598188162142265556e-01 1.438636447055885448e-01
3.710000000000000000e+02 9.420274647413546809e-01 3.351808520044892159e-01 1.542893782865507879e-02
3.720000000000000000e+02 5.766997530713511289e-01 -8.120622764493476975e-01 -8.928747938734682421e-02
3.730000000000000000e+02 7.150200513553165438e-01 -6.552138778950149511e-01 -2.438054559964091261e-01
3.740000000000000000e+02 9.449139828522435947e-01 2.973616375441770487e-01 1.367977394818913617e-01
3.750000000000000000e+02 9.896827901240375924e-01 8.740233657733539538e-03 -1.430090320501070100e-01
3.760000000000000000e+02 9.838669122862205851e-01 -1.780414919955592978e-01 -1.752501173675821700e-02
3.770000000000000000e+02 3.607209835202340176e-01 -9.263749686062477950e-01 1.082117811884100028e-01
3.780000000000000000e+02 9.967683095048365249e-01 -2.957440271115331296e-02 7.468796336190360041e-02
3.790000000000000000e+02 9.058397810801745997e-01 -2.753929699276856935e-01 -3.218897375298415686e-01
3.800000000000000000e+02 9.334094347102348532e-01 -2.606249248233721838e-01 -2.466201041171044439e-01
3.810000000000000000e+02 7.927597106767302337e-01 -6.077664146527468336e-01 4.638993800267913331e-02
3.820000000000000000e+02 8.642117038590207967e-01 -4.958444107769003351e-01 -8.530211729140585453e-02
3.830000000000000000e+02 6.876924912679313051e-01 -7.146303458087592819e-01 1.279941651129436475e-01
3.840000000000000000e+02 9.650658458361701664e-01 -2.297810202859333073e-01 1.258912066701758647e-01
