0.000000000000000000e+00 5.633044799999999990e-06
1.000000000000000021e-03 5.633044799999999990e-06
2.000000000000000042e-03 9.205960100985000061e-02
3.000000000000000062e-03 2.759468722147500053e-01
4.000000000000000083e-03 5.512821754762500248e-01
5.000000000000000104e-03 9.175169496999000529e-01
6.000000000000000125e-03 1.373941144894049948e+00
7.000000000000000146e-03 1.919685499450500155e+00
8.000000000000000167e-03 2.553724283539799966e+00
8.999999999999999320e-03 3.274878496562400265e+00
1.000000000000000021e-02 4.081819504768350093e+00
1.099999999999999936e-02 4.973073103405499573e+00
1.200000000000000025e-02 5.947023986080650637e+00
1.299999999999999940e-02 7.001920602451949804e+00
1.400000000000000029e-02 8.135880383892301282e+00
1.499999999999999944e-02 9.346895315403299875e+00
1.600000000000000033e-02 1.063283783081235079e+01
1.700000000000000122e-02 1.199146700715555092e+01
1.799999999999999864e-02 1.339269346790565152e+01
1.899999999999999953e-02 1.478004639934139952e+01
2.000000000000000042e-02 1.615366316313915007e+01
2.100000000000000130e-02 1.751367976095870205e+01
2.199999999999999872e-02 1.886023084790865312e+01
2.299999999999999961e-02 2.019344974587900055e+01
2.400000000000000050e-02 2.151346845674069996e+01
2.500000000000000139e-02 2.282041767541575084e+01
2.599999999999999881e-02 2.411442680281664863e+01
2.699999999999999969e-02 2.539562395865925026e+01
2.800000000000000058e-02 2.666413599414689628e+01
2.900000000000000147e-02 2.792008850453070323e+01
2.999999999999999889e-02 2.916360584154434932e+01
3.099999999999999978e-02 3.039481112571629851e+01
3.200000000000000067e-02 3.161382625855994988e+01
3.300000000000000155e-02 3.282077193464265008e+01
3.400000000000000244e-02 3.401576765353635068e+01
3.500000000000000333e-02 3.519893173164899736e+01
3.599999999999999728e-02 3.637038131393880036e+01
3.699999999999999817e-02 3.753023238551279661e+01
3.799999999999999906e-02 3.867859978311074798e+01
3.899999999999999994e-02 3.981559720647510403e+01
4.000000000000000083e-02 4.094133722960820165e+01
4.100000000000000172e-02 4.205593131191820078e+01
4.200000000000000261e-02 4.315948980925470124e+01
4.299999999999999656e-02 4.425212198483550452e+01
4.399999999999999745e-02 4.533393602006399448e+01
4.499999999999999833e-02 4.640503902524069701e+01
4.599999999999999922e-02 4.746553705016819436e+01
4.700000000000000011e-02 4.851553509465075109e+01
4.800000000000000100e-02 4.955513711889104655e+01
4.900000000000000189e-02 5.058444605378235082e+01
5.000000000000000278e-02 5.160356381110035073e+01
5.099999999999999672e-02 5.261259129359355313e+01
5.199999999999999761e-02 5.361162840497294724e+01
5.299999999999999850e-02 5.460077405980410248e+01
5.399999999999999939e-02 5.558012619330015269e+01
5.500000000000000028e-02 5.654978177101919812e+01
5.600000000000000117e-02 5.750983679846370222e+01
5.700000000000000205e-02 5.846038633058685008e+01
5.800000000000000294e-02 5.940152448120404927e+01
5.899999999999999689e-02 6.033334443230999966e+01
5.999999999999999778e-02 6.125593844330609272e+01
6.099999999999999867e-02 6.216939786013394809e+01
6.199999999999999956e-02 6.307381312431975573e+01
6.300000000000000044e-02 6.396927378192960134e+01
6.400000000000000133e-02 6.485586849243451013e+01
6.500000000000000222e-02 6.573368503748865521e+01
6.600000000000000311e-02 6.660281032962164716e+01
6.700000000000000400e-02 6.746333042084233966e+01
6.800000000000000488e-02 6.831533051115989963e+01
6.900000000000000577e-02 6.915889495701884471e+01
7.000000000000000666e-02 6.999410727965144474e+01
7.099999999999999367e-02 7.082105017334700392e+01
7.199999999999999456e-02 7.163980551363975735e+01
7.299999999999999545e-02 7.245045436541474260e+01
7.399999999999999634e-02 7.325307699093450253e+01
7.499999999999999722e-02 7.404775285778579530e+01
7.599999999999999811e-02 7.483456064674739139e+01
7.699999999999999900e-02 7.561357825958084788e+01
7.799999999999999989e-02 7.638488282674245511e+01
7.900000000000000078e-02 7.714855071502140049e+01
8.000000000000000167e-02 7.790465753509948854e+01
8.100000000000000255e-02 7.865327814903825754e+01
8.200000000000000344e-02 7.939448667769050871e+01
8.300000000000000433e-02 8.012835650803918952e+01
8.400000000000000522e-02 8.085496030046370208e+01
8.500000000000000611e-02 8.157436999593359417e+01
8.599999999999999312e-02 8.228665682313135221e+01
8.699999999999999400e-02 8.299189130550539062e+01
8.799999999999999489e-02 8.369014326825210048e+01
8.899999999999999578e-02 8.438148184522890460e+01
8.999999999999999667e-02 8.506597548580003831e+01
9.099999999999999756e-02 8.574369196161299556e+01
9.199999999999999845e-02 8.641469837330910764e+01
9.299999999999999933e-02 8.707906115716649253e+01
9.400000000000000022e-02 8.773684609167885640e+01
9.500000000000000111e-02 8.838811830406724823e+01
9.600000000000000200e-02 8.903294227672918737e+01
9.700000000000000289e-02 8.967138185362199465e+01
9.800000000000000377e-02 9.030350024658525854e+01
9.900000000000000466e-02 9.092936004159840024e+01
1.000000000000000056e-01 9.154902320497784274e+01
1.010000000000000064e-01 9.216255108951179409e+01
1.019999999999999934e-01 9.277000444053554418e+01
1.029999999999999943e-01 9.337144340194528525e+01
1.039999999999999952e-01 9.396692752215284372e+01
1.049999999999999961e-01 9.455651575998210490e+01
1.059999999999999970e-01 9.514026649050629203e+01
1.069999999999999979e-01 9.571823751082709464e+01
1.079999999999999988e-01 9.629048604579824655e+01
1.089999999999999997e-01 9.685706875369049840e+01
1.100000000000000006e-01 9.741804173180159410e+01
1.110000000000000014e-01 9.797346052201064026e+01
1.120000000000000023e-01 9.852338011627695380e+01
1.130000000000000032e-01 9.906785496208530617e+01
1.140000000000000041e-01 9.960693896783594425e+01
1.150000000000000050e-01 1.001406855081832532e+02
1.160000000000000059e-01 1.006691474293192528e+02
1.170000000000000068e-01 1.011923770542063039e+02
1.179999999999999938e-01 1.017104261877579034e+02
1.189999999999999947e-01 1.022233461219673529e+02
1.199999999999999956e-01 1.027311876409866045e+02
1.209999999999999964e-01 1.032340010261542460e+02
1.219999999999999973e-01 1.037318360609735919e+02
1.229999999999999982e-01 1.042247420360422439e+02
1.239999999999999991e-01 1.047127677539320558e+02
1.250000000000000000e-01 1.051959615340210377e+02
1.260000000000000009e-01 1.056743712172772973e+02
1.270000000000000018e-01 1.061480441709965987e+02
1.280000000000000027e-01 1.066170272934907501e+02
1.290000000000000036e-01 1.070813670187325926e+02
1.300000000000000044e-01 1.075411093209521880e+02
1.310000000000000053e-01 1.079962997191894516e+02
1.320000000000000062e-01 1.084469832818005557e+02
1.330000000000000071e-01 1.088932046309204935e+02
1.340000000000000080e-01 1.093350079468807508e+02
1.350000000000000089e-01 1.097724369725841029e+02
1.360000000000000098e-01 1.102055350178349045e+02
1.370000000000000107e-01 1.106343449636276972e+02
1.380000000000000115e-01 1.110589092663928596e+02
1.390000000000000124e-01 1.114792699621999503e+02
1.400000000000000133e-01 1.118954686709199109e+02
1.409999999999999865e-01 1.123075466003455603e+02
1.419999999999999873e-01 1.127155445502719999e+02
1.429999999999999882e-01 1.131195029165358079e+02
1.439999999999999891e-01 1.135194616950146980e+02
1.449999999999999900e-01 1.139154604855879569e+02
1.459999999999999909e-01 1.143075384960565373e+02
1.469999999999999918e-01 1.146957345460253919e+02
1.479999999999999927e-01 1.150800870707470409e+02
1.489999999999999936e-01 1.154606341249268979e+02
1.499999999999999944e-01 1.158374133864912068e+02
1.509999999999999953e-01 1.162104621603171069e+02
1.519999999999999962e-01 1.165798173819270005e+02
1.529999999999999971e-01 1.169455156211446649e+02
1.539999999999999980e-01 1.173075930857166043e+02
1.549999999999999989e-01 1.176660856248968940e+02
1.559999999999999998e-01 1.180210287329959442e+02
1.570000000000000007e-01 1.183724575528962077e+02
1.580000000000000016e-01 1.187204068795300458e+02
1.590000000000000024e-01 1.190649111633257888e+02
1.600000000000000033e-01 1.194060045136188108e+02
1.610000000000000042e-01 1.197437207020276446e+02
1.620000000000000051e-01 1.200780931657987480e+02
1.630000000000000060e-01 1.204091550111167948e+02
1.640000000000000069e-01 1.207369390163819958e+02
1.650000000000000078e-01 1.210614776354566544e+02
1.660000000000000087e-01 1.213828030008769474e+02
1.670000000000000095e-01 1.217009469270357016e+02
1.680000000000000104e-01 1.220159409133315478e+02
1.690000000000000113e-01 1.223278161472878054e+02
1.700000000000000122e-01 1.226366035076406007e+02
1.710000000000000131e-01 1.229423335673958064e+02
1.719999999999999862e-01 1.232450365968562380e+02
1.729999999999999871e-01 1.235447425666192487e+02
1.739999999999999880e-01 1.238414811505429469e+02
1.749999999999999889e-01 1.241352817286851433e+02
1.759999999999999898e-01 1.244261733902122415e+02
1.769999999999999907e-01 1.247141849362784995e+02
1.779999999999999916e-01 1.249993448828788587e+02
1.789999999999999925e-01 1.252816814636713616e+02
1.799999999999999933e-01 1.255612226327726972e+02
1.809999999999999942e-01 1.258379960675265039e+02
1.819999999999999951e-01 1.261120291712433072e+02
1.829999999999999960e-01 1.263833490759133440e+02
1.839999999999999969e-01 1.266519826448935504e+02
1.849999999999999978e-01 1.269179564755669531e+02
1.859999999999999987e-01 1.271812969019762960e+02
1.869999999999999996e-01 1.274420299974310495e+02
1.880000000000000004e-01 1.277001815770893103e+02
1.890000000000000013e-01 1.279557772005133387e+02
1.900000000000000022e-01 1.282088421742004982e+02
1.910000000000000031e-01 1.284594015540887995e+02
1.920000000000000040e-01 1.287074801480374617e+02
1.930000000000000049e-01 1.289531025182837993e+02
1.940000000000000058e-01 1.291962929838742582e+02
1.950000000000000067e-01 1.294370756230725021e+02
1.960000000000000075e-01 1.296754742757442500e+02
1.970000000000000084e-01 1.299115125457162492e+02
1.980000000000000093e-01 1.301452138031141885e+02
1.990000000000000102e-01 1.303766011866766519e+02
2.000000000000000111e-01 1.306056976060451973e+02
2.010000000000000120e-01 1.308325257440340010e+02
2.020000000000000129e-01 1.310571080588744906e+02
2.030000000000000138e-01 1.312794667864392011e+02
2.039999999999999869e-01 1.314996239424438045e+02
2.049999999999999878e-01 1.317176013246267132e+02
2.059999999999999887e-01 1.319334205149067714e+02
2.069999999999999896e-01 1.321471028815207376e+02
2.079999999999999905e-01 1.323586695811384573e+02
2.089999999999999913e-01 1.325681415609580540e+02
2.099999999999999922e-01 1.327755395607793503e+02
2.109999999999999931e-01 1.329808841150578473e+02
2.119999999999999940e-01 1.331841955549377019e+02
2.129999999999999949e-01 1.333854940102640967e+02
2.139999999999999958e-01 1.335847994115775634e+02
2.149999999999999967e-01 1.337821314920857674e+02
2.159999999999999976e-01 1.339775097896186935e+02
2.169999999999999984e-01 1.341709536485622039e+02
2.179999999999999993e-01 1.343624822217736607e+02
2.190000000000000002e-01 1.345521144724778821e+02
2.200000000000000011e-01 1.347398691761457030e+02
2.210000000000000020e-01 1.349257649223513056e+02
2.220000000000000029e-01 1.351098201166143156e+02
2.230000000000000038e-01 1.352920529822210938e+02
2.240000000000000047e-01 1.354724815620299978e+02
2.250000000000000056e-01 1.356511237202564928e+02
2.260000000000000064e-01 1.358279971442433123e+02
2.270000000000000073e-01 1.360031193462101839e+02
2.280000000000000082e-01 1.361765076649894297e+02
2.290000000000000091e-01 1.363481792677411306e+02
2.300000000000000100e-01 1.365181511516537967e+02
2.310000000000000109e-01 1.366864401456267046e+02
2.320000000000000118e-01 1.368530629119364335e+02
2.330000000000000127e-01 1.370180359478866592e+02
2.340000000000000135e-01 1.371813755874414085e+02
2.349999999999999867e-01 1.373430980028419981e+02
2.359999999999999876e-01 1.375032192062091099e+02
2.369999999999999885e-01 1.376617550511270167e+02
2.379999999999999893e-01 1.378187212342139958e+02
2.389999999999999902e-01 1.379741332966762570e+02
2.399999999999999911e-01 1.381280066258470356e+02
2.409999999999999920e-01 1.382803564567090575e+02
2.419999999999999929e-01 1.384311978734041304e+02
2.429999999999999938e-01 1.385805458107259938e+02
2.439999999999999947e-01 1.387284150555991573e+02
2.449999999999999956e-01 1.388748202485427612e+02
2.459999999999999964e-01 1.390197758851207652e+02
2.469999999999999973e-01 1.391632963173760515e+02
2.479999999999999982e-01 1.393053957552526469e+02
2.489999999999999991e-01 1.394460882680018869e+02
2.500000000000000000e-01 1.395853877855752501e+02
2.510000000000000009e-01 1.397233081000042318e+02
2.520000000000000018e-01 1.398598628667656953e+02
2.530000000000000027e-01 1.399950656061336076e+02
2.540000000000000036e-01 1.401289297045174465e+02
2.550000000000000044e-01 1.402614684157886984e+02
2.560000000000000053e-01 1.403926948625918953e+02
2.570000000000000062e-01 1.405226220376445951e+02
2.580000000000000071e-01 1.406512628050236060e+02
2.590000000000000080e-01 1.407786299014383076e+02
2.600000000000000089e-01 1.409047359374924895e+02
2.610000000000000098e-01 1.410295933989322634e+02
2.620000000000000107e-01 1.411532146478826064e+02
2.630000000000000115e-01 1.412756119240710007e+02
2.640000000000000124e-01 1.413967973460397616e+02
2.650000000000000133e-01 1.415167829123454055e+02
2.660000000000000142e-01 1.416355805027470467e+02
2.670000000000000151e-01 1.417532018793823454e+02
2.680000000000000160e-01 1.418696586879321160e+02
2.690000000000000169e-01 1.419849624587735946e+02
2.700000000000000178e-01 1.420991246081215422e+02
2.710000000000000187e-01 1.422121564391590596e+02
2.720000000000000195e-01 1.423240691431566063e+02
2.730000000000000204e-01 1.424348738005798509e+02
2.740000000000000213e-01 1.425445813821871468e+02
2.750000000000000222e-01 1.426532027501150992e+02
2.760000000000000231e-01 1.427607486589547818e+02
2.770000000000000240e-01 1.428672297568156466e+02
2.780000000000000249e-01 1.429726565863810492e+02
2.790000000000000258e-01 1.430770395859507573e+02
2.800000000000000266e-01 1.431803890904751029e+02
2.810000000000000275e-01 1.432827153325783343e+02
2.819999999999999729e-01 1.433840284435717649e+02
2.829999999999999738e-01 1.434843384544564628e+02
2.839999999999999747e-01 1.435836552969163620e+02
2.849999999999999756e-01 1.436819888043024207e+02
2.859999999999999765e-01 1.437793487126054970e+02
2.869999999999999774e-01 1.438757446614204127e+02
2.879999999999999782e-01 1.439711861949006106e+02
2.889999999999999791e-01 1.440656827627027496e+02
2.899999999999999800e-01 1.441592437209226603e+02
2.909999999999999809e-01 1.442518783330214944e+02
2.919999999999999818e-01 1.443435957707431498e+02
2.929999999999999827e-01 1.444344051150220594e+02
2.939999999999999836e-01 1.445243153568823686e+02
2.949999999999999845e-01 1.446133353983283030e+02
2.959999999999999853e-01 1.447014740532252119e+02
2.969999999999999862e-01 1.447887400481725422e+02
2.979999999999999871e-01 1.448751420233680562e+02
2.989999999999999880e-01 1.449606885334624451e+02
2.999999999999999889e-01 1.450453880484075171e+02
3.009999999999999898e-01 1.451292489542937005e+02
3.019999999999999907e-01 1.452122795541810092e+02
3.029999999999999916e-01 1.452944880689209697e+02
3.039999999999999925e-01 1.453758826379704487e+02
3.049999999999999933e-01 1.454564713201975508e+02
3.059999999999999942e-01 1.455362620946798984e+02
3.069999999999999951e-01 1.456152628614940454e+02
3.079999999999999960e-01 1.456934814424982960e+02
3.089999999999999969e-01 1.457709255821062300e+02
3.099999999999999978e-01 1.458476029480547993e+02
3.109999999999999987e-01 1.459235211321623922e+02
3.119999999999999996e-01 1.459986876510807008e+02
3.130000000000000004e-01 1.460731099470394554e+02
3.140000000000000013e-01 1.461467953885826887e+02
3.150000000000000022e-01 1.462197512712988612e+02
3.160000000000000031e-01 1.462919848185426019e+02
3.170000000000000040e-01 1.463635031821501400e+02
3.180000000000000049e-01 1.464343134431478006e+02
3.190000000000000058e-01 1.465044226124524585e+02
3.200000000000000067e-01 1.465738376315659650e+02
3.210000000000000075e-01 1.466425653732624141e+02
3.220000000000000084e-01 1.467106126422688419e+02
3.230000000000000093e-01 1.467779861759386506e+02
3.240000000000000102e-01 1.468446926449184957e+02
3.250000000000000111e-01 1.469107386538096591e+02
3.260000000000000120e-01 1.469761307418205547e+02
3.270000000000000129e-01 1.470408753834154538e+02
3.280000000000000138e-01 1.471049789889550539e+02
3.290000000000000147e-01 1.471684479053308507e+02
3.300000000000000155e-01 1.472312884165941114e+02
3.310000000000000164e-01 1.472935067445773996e+02
3.320000000000000173e-01 1.473551090495114977e+02
3.330000000000000182e-01 1.474161014306343134e+02
3.340000000000000191e-01 1.474764899267953524e+02
3.350000000000000200e-01 1.475362805170540526e+02
3.360000000000000209e-01 1.475954791212703583e+02
3.370000000000000218e-01 1.476540916006925954e+02
3.380000000000000226e-01 1.477121237585363929e+02
3.390000000000000235e-01 1.477695813405598528e+02
3.400000000000000244e-01 1.478264700356328092e+02
3.410000000000000253e-01 1.478827954762988952e+02
3.420000000000000262e-01 1.479385632393346555e+02
3.430000000000000271e-01 1.479937788463007848e+02
3.439999999999999725e-01 1.480484477640889338e+02
3.449999999999999734e-01 1.481025754054635115e+02
3.459999999999999742e-01 1.481561671295966960e+02
3.469999999999999751e-01 1.482092282425998064e+02
3.479999999999999760e-01 1.482617639980485080e+02
3.489999999999999769e-01 1.483137795975025313e+02
3.499999999999999778e-01 1.483652801910214407e+02
3.509999999999999787e-01 1.484162708776738668e+02
3.519999999999999796e-01 1.484667567060425881e+02
3.529999999999999805e-01 1.485167426747244122e+02
3.539999999999999813e-01 1.485662337328253955e+02
3.549999999999999822e-01 1.486152347804500380e+02
3.559999999999999831e-01 1.486637506691872375e+02
3.569999999999999840e-01 1.487117862025905026e+02
3.579999999999999849e-01 1.487593461366531074e+02
3.589999999999999858e-01 1.488064351802794363e+02
3.599999999999999867e-01 1.488530579957509588e+02
3.609999999999999876e-01 1.488992191991883089e+02
3.619999999999999885e-01 1.489449233610073406e+02
3.629999999999999893e-01 1.489901750063727093e+02
3.639999999999999902e-01 1.490349786156453149e+02
3.649999999999999911e-01 1.490793386248263062e+02
3.659999999999999920e-01 1.491232594259953430e+02
3.669999999999999929e-01 1.491667453677470974e+02
3.679999999999999938e-01 1.492098007556200514e+02
3.689999999999999947e-01 1.492524298525239033e+02
3.699999999999999956e-01 1.492946368791613452e+02
3.709999999999999964e-01 1.493364260144460047e+02
3.719999999999999973e-01 1.493778013959160376e+02
3.729999999999999982e-01 1.494187671201437979e+02
3.739999999999999991e-01 1.494593272431414164e+02
3.750000000000000000e-01 1.494994857807629955e+02
3.760000000000000009e-01 1.495392467091010360e+02
3.770000000000000018e-01 1.495786139648814128e+02
3.780000000000000027e-01 1.496175914458519571e+02
3.790000000000000036e-01 1.496561830111693610e+02
3.800000000000000044e-01 1.496943924817807385e+02
3.810000000000000053e-01 1.497311745653624939e+02
3.820000000000000062e-01 1.497653742488443527e+02
3.830000000000000071e-01 1.497970540413180061e+02
3.840000000000000080e-01 1.498262714605305064e+02
3.850000000000000089e-01 1.498530792061953036e+02
3.860000000000000098e-01 1.498775253177880415e+02
3.870000000000000107e-01 1.498996533174877470e+02
3.880000000000000115e-01 1.499195023388541017e+02
3.890000000000000124e-01 1.499371072417756352e+02
3.900000000000000133e-01 1.499524987141560075e+02
3.910000000000000142e-01 1.499657033607535368e+02
3.920000000000000151e-01 1.499767437795352407e+02
3.930000000000000160e-01 1.499856386258463203e+02
3.940000000000000169e-01 1.499924026646526158e+02
3.950000000000000178e-01 1.499970468110585955e+02
3.960000000000000187e-01 1.499995781592548951e+02
3.970000000000000195e-01 1.500000000000000000e+02
3.980000000000000204e-01 1.499280345434191588e+02
3.990000000000000213e-01 1.497662869535093932e+02
4.000000000000000222e-01 1.495151015828502068e+02
4.010000000000000231e-01 1.491749826224708784e+02
4.020000000000000240e-01 1.487465924362545024e+02
4.030000000000000249e-01 1.482307494282441098e+02
4.040000000000000258e-01 1.476284254523983464e+02
4.050000000000000266e-01 1.469407427762056386e+02
4.060000000000000275e-01 1.461689706113776595e+02
4.069999999999999729e-01 1.453145212265653470e+02
4.079999999999999738e-01 1.443789456586970914e+02
4.089999999999999747e-01 1.433639290410862372e+02
4.099999999999999756e-01 1.422712855679245365e+02
4.109999999999999765e-01 1.411029531161230466e+02
4.119999999999999774e-01 1.398609875467082873e+02
4.129999999999999782e-01 1.385475567091059190e+02
4.139999999999999791e-01 1.371649341726455873e+02
4.149999999999999800e-01 1.357154927104975286e+02
4.159999999999999809e-01 1.342016975619980883e+02
4.169999999999999818e-01 1.326260994999388458e+02
4.179999999999999827e-01 1.309913277298701075e+02
4.189999999999999836e-01 1.293000826488234054e+02
4.199999999999999845e-01 1.275551284910654886e+02
4.209999999999999853e-01 1.257592858885766987e+02
4.219999999999999862e-01 1.239154243738932024e+02
4.229999999999999871e-01 1.220264548527723036e+02
4.239999999999999880e-01 1.200953220738250593e+02
4.249999999999999889e-01 1.181249971218329904e+02
4.259999999999999898e-01 1.161184699609084419e+02
4.269999999999999907e-01 1.140787420530007381e+02
4.279999999999999916e-01 1.120088190764677591e+02
4.289999999999999925e-01 1.099117037685634557e+02
4.299999999999999933e-01 1.077903889147216461e+02
4.309999999999999942e-01 1.056478505064508511e+02
4.319999999999999951e-01 1.034870410885225596e+02
4.329999999999999960e-01 1.013108833149179873e+02
4.339999999999999969e-01 9.912226373172164529e+01
4.349999999999999978e-01 9.692402680381110258e+01
4.359999999999999987e-01 9.471896920081620408e+01
4.369999999999999996e-01 9.250983435638563890e+01
4.380000000000000004e-01 9.029930731335480232e+01
4.390000000000000013e-01 8.809000986591750859e+01
4.400000000000000022e-01 8.588449600842119480e+01
4.410000000000000031e-01 8.368524769889430104e+01
4.420000000000000040e-01 8.149467094392164768e+01
4.430000000000000049e-01 7.931509220999114973e+01
4.440000000000000058e-01 7.714875516495915519e+01
4.450000000000000067e-01 7.499781775183635091e+01
4.460000000000000075e-01 7.286434959567495184e+01
4.470000000000000084e-01 7.075032974295555732e+01
4.480000000000000093e-01 6.868964052714119362e+01
4.490000000000000102e-01 6.668897138557409221e+01
4.500000000000000111e-01 6.474657416075145022e+01
4.510000000000000120e-01 6.286075161238004938e+01
4.520000000000000129e-01 6.102985593434954836e+01
4.530000000000000138e-01 5.925228731490255285e+01
4.540000000000000147e-01 5.752649253874034940e+01
4.550000000000000155e-01 5.585096362984499763e+01
4.560000000000000164e-01 5.422423653383009423e+01
4.570000000000000173e-01 5.264488983866999661e+01
4.580000000000000182e-01 5.111154353268929640e+01
4.590000000000000191e-01 4.962285779872740221e+01
4.600000000000000200e-01 4.817753184342465289e+01
4.610000000000000209e-01 4.677430276060649561e+01
4.620000000000000218e-01 4.541194442777324269e+01
4.630000000000000226e-01 4.408926643473134988e+01
4.640000000000000235e-01 4.280511304342844880e+01
4.650000000000000244e-01 4.155836217808590050e+01
4.660000000000000253e-01 4.034792444474369688e+01
4.670000000000000262e-01 3.917274217936274283e+01
4.680000000000000271e-01 3.803178852365310547e+01
4.689999999999999725e-01 3.692406652781864551e+01
4.699999999999999734e-01 3.584860827943544592e+01
4.709999999999999742e-01 3.480447405770444647e+01
4.719999999999999751e-01 3.379075151233440266e+01
4.729999999999999760e-01 3.280655486634405094e+01
4.739999999999999769e-01 3.185102414208165200e+01
4.749999999999999778e-01 3.092332440978794850e+01
4.759999999999999787e-01 3.002264505804659933e+01
4.769999999999999796e-01 2.914819908548204808e+01
4.779999999999999805e-01 2.829922241308934971e+01
4.789999999999999813e-01 2.747497321659164982e+01
4.799999999999999822e-01 2.667473127824429824e+01
4.809999999999999831e-01 2.589779735751869794e+01
4.819999999999999840e-01 2.514349258011525023e+01
4.829999999999999849e-01 2.441115784477214845e+01
4.839999999999999858e-01 2.370015324735165052e+01
4.849999999999999867e-01 2.300985752170065268e+01
4.859999999999999876e-01 2.233966749679665043e+01
4.869999999999999885e-01 2.168899756970549930e+01
4.879999999999999893e-01 2.105727919388879954e+01
4.889999999999999902e-01 2.044396038241634983e+01
4.899999999999999911e-01 1.984850522564699915e+01
4.909999999999999920e-01 1.927039342295820035e+01
4.919999999999999929e-01 1.870911982811474772e+01
4.929999999999999938e-01 1.816419400787835059e+01
4.939999999999999947e-01 1.763513981347425030e+01
4.949999999999999956e-01 1.712149496453805142e+01
4.959999999999999964e-01 1.662281064518250062e+01
4.969999999999999973e-01 1.613865111182774825e+01
4.979999999999999982e-01 1.566859331245409948e+01
4.989999999999999991e-01 1.521222651694574957e+01
5.000000000000000000e-01 1.476915195819974969e+01
5.010000000000000009e-01 1.433898248368905115e+01
5.020000000000000018e-01 1.392134221717379994e+01
5.030000000000000027e-01 1.351586623026584988e+01
5.040000000000000036e-01 1.312220022355904980e+01
5.050000000000000044e-01 1.274000021704770091e+01
5.060000000000000053e-01 1.236893224956090087e+01
5.070000000000000062e-01 1.200867208695225052e+01
5.080000000000000071e-01 1.165890493878854883e+01
5.090000000000000080e-01 1.131932518328985005e+01
5.100000000000000089e-01 1.098963610028144977e+01
5.110000000000000098e-01 1.066954961192370099e+01
5.120000000000000107e-01 1.035878603099400053e+01
5.130000000000000115e-01 1.005707381649899901e+01
5.140000000000000124e-01 9.764149336406699575e+00
5.150000000000000133e-01 9.479756637288149435e+00
5.160000000000000142e-01 9.203647220668049300e+00
5.170000000000000151e-01 8.935579825891350580e+00
5.180000000000000160e-01 8.675320219312050440e+00
5.190000000000000169e-01 8.422640989623300101e+00
5.200000000000000178e-01 8.177321349148799712e+00
5.210000000000000187e-01 7.939146940921199658e+00
5.220000000000000195e-01 7.707909651379799776e+00
5.230000000000000204e-01 7.483407428524050609e+00
5.240000000000000213e-01 7.265444105363100036e+00
5.250000000000000222e-01 7.053829228507949800e+00
5.260000000000000231e-01 6.848377891755299984e+00
5.270000000000000240e-01 6.648910574519700134e+00
5.280000000000000249e-01 6.455252984970600849e+00
5.290000000000000258e-01 6.267235907738399447e+00
5.300000000000000266e-01 6.084695056056750317e+00
5.310000000000000275e-01 5.907470928210449834e+00
5.320000000000000284e-01 5.735408668165499435e+00
5.330000000000000293e-01 5.568357930257699095e+00
5.340000000000000302e-01 5.406172747822949987e+00
5.350000000000000311e-01 5.248711405653449624e+00
5.360000000000000320e-01 5.095836316168349533e+00
5.370000000000000329e-01 4.947413899192650177e+00
5.380000000000000338e-01 4.803314465235450470e+00
5.390000000000000346e-01 4.663412102170350515e+00
5.400000000000000355e-01 4.527584565214049839e+00
5.410000000000000364e-01 4.395713170110600032e+00
5.420000000000000373e-01 4.267682689427850562e+00
5.430000000000000382e-01 4.143381251871749882e+00
5.440000000000000391e-01 4.022700244535549530e+00
5.450000000000000400e-01 3.905534217995699997e+00
5.460000000000000409e-01 3.791780794170600100e+00
5.470000000000000417e-01 3.681340576864649883e+00
5.480000000000000426e-01 3.574117064917199826e+00
5.490000000000000435e-01 3.470016567880799929e+00
5.500000000000000444e-01 3.368948124155999757e+00
5.510000000000000453e-01 3.270823421510700157e+00
5.520000000000000462e-01 3.175556719913400272e+00
5.530000000000000471e-01 3.083064776614949931e+00
5.540000000000000480e-01 2.993266773412500026e+00
5.550000000000000488e-01 2.906084246031600316e+00
5.560000000000000497e-01 2.821441015564650101e+00
5.570000000000000506e-01 2.739263121907350218e+00
5.580000000000000515e-01 2.659478759133449888e+00
5.590000000000000524e-01 2.582018212750950337e+00
5.600000000000000533e-01 2.506813798787249858e+00
5.610000000000000542e-01 2.433799804647899911e+00
5.620000000000000551e-01 2.362912431696899684e+00
5.629999999999999449e-01 2.294089739511600001e+00
5.639999999999999458e-01 2.227271591758799740e+00
5.649999999999999467e-01 2.162399603649300062e+00
5.659999999999999476e-01 2.099417090921699813e+00
5.669999999999999485e-01 2.038269020312250213e+00
5.679999999999999494e-01 1.978901961468300108e+00
5.689999999999999503e-01 1.921264040260499906e+00
5.699999999999999512e-01 1.865304893456700031e+00
5.709999999999999520e-01 1.810975624715249976e+00
5.719999999999999529e-01 1.758228761859449873e+00
5.729999999999999538e-01 1.707018215397600125e+00
5.739999999999999547e-01 1.657299238250100171e+00
5.749999999999999556e-01 1.609028386650600106e+00
5.759999999999999565e-01 1.562163482185050078e+00
5.769999999999999574e-01 1.516663574936850001e+00
5.779999999999999583e-01 1.472488907705699956e+00
5.789999999999999591e-01 1.429600881267749868e+00
5.799999999999999600e-01 1.387962020648250139e+00
5.809999999999999609e-01 1.347535942377000140e+00
5.819999999999999618e-01 1.308287322696000121e+00
5.829999999999999627e-01 1.270181866695150097e+00
5.839999999999999636e-01 1.233186278344799991e+00
5.849999999999999645e-01 1.197268231402799810e+00
5.859999999999999654e-01 1.162396341167700076e+00
5.869999999999999662e-01 1.128540137056049941e+00
5.879999999999999671e-01 1.095670035976799905e+00
5.889999999999999680e-01 1.063757316482250026e+00
5.899999999999999689e-01 1.032774093672150117e+00
5.909999999999999698e-01 1.002693294827250003e+00
5.919999999999999707e-01 9.734886357545999847e-01
5.929999999999999716e-01 9.451345978199999776e-01
5.939999999999999725e-01 9.176064056505000011e-01
5.949999999999999734e-01 8.908800054859500328e-01
5.959999999999999742e-01 8.649320441611499932e-01
5.969999999999999751e-01 8.397398487001499490e-01
5.979999999999999760e-01 8.152814065050000281e-01
5.989999999999999769e-01 7.915353461214000852e-01
5.999999999999999778e-01 7.684809185644499996e-01
6.009999999999999787e-01 7.460979791887500934e-01
6.019999999999999796e-01 7.243669700861999905e-01
6.029999999999999805e-01 7.032689029962000404e-01
6.039999999999999813e-01 6.827853427148999899e-01
6.049999999999999822e-01 6.628983909851999812e-01
6.059999999999999831e-01 6.435906708595500181e-01
6.069999999999999840e-01 6.248453115141000547e-01
6.079999999999999849e-01 6.066459335088000282e-01
6.089999999999999858e-01 5.889766344745500648e-01
6.099999999999999867e-01 5.718219752179499737e-01
6.109999999999999876e-01 5.551669662310499964e-01
6.119999999999999885e-01 5.389970545933500112e-01
6.129999999999999893e-01 5.232981112555500358e-01
6.139999999999999902e-01 5.080564186948499650e-01
6.149999999999999911e-01 4.932586589269499777e-01
6.159999999999999920e-01 4.788919018708499564e-01
6.169999999999999929e-01 4.649435940493499841e-01
6.179999999999999938e-01 4.514015476207500210e-01
6.189999999999999947e-01 4.382539297288500224e-01
6.199999999999999956e-01 4.254892521638999892e-01
6.209999999999999964e-01 4.130963613242999988e-01
6.219999999999999973e-01 4.010644284700499718e-01
6.229999999999999982e-01 3.893829402622499547e-01
6.239999999999999991e-01 3.780416895750000061e-01
6.250000000000000000e-01 3.670307665777500228e-01
6.260000000000000009e-01 3.563405500753500377e-01
6.270000000000000018e-01 3.459616991023499732e-01
6.280000000000000027e-01 3.358851447595500028e-01
6.290000000000000036e-01 3.261020822908499706e-01
6.300000000000000044e-01 3.166039633891499783e-01
6.310000000000000053e-01 3.073824887274000384e-01
6.320000000000000062e-01 2.984296007060999734e-01
6.330000000000000071e-01 2.897374764137999881e-01
6.340000000000000080e-01 2.812985207900999818e-01
6.350000000000000089e-01 2.731053599903999762e-01
6.360000000000000098e-01 2.651508349420499955e-01
6.370000000000000107e-01 2.574279950893499924e-01
6.380000000000000115e-01 2.499300923197499968e-01
6.390000000000000124e-01 2.426505750677999951e-01
6.400000000000000133e-01 2.355830825900999959e-01
6.410000000000000142e-01 2.287214394078000146e-01
6.420000000000000151e-01 2.220596499105000066e-01
6.430000000000000160e-01 2.155918931170500152e-01
6.440000000000000169e-01 2.093125175893500167e-01
6.450000000000000178e-01 2.032160364944999853e-01
6.460000000000000187e-01 1.972971228102000096e-01
6.470000000000000195e-01 1.915506046701000165e-01
6.480000000000000204e-01 1.859714608447499973e-01
6.490000000000000213e-01 1.805548163540999784e-01
6.500000000000000222e-01 1.752959382078000117e-01
6.510000000000000231e-01 1.701902312698500008e-01
6.520000000000000240e-01 1.652332342424999989e-01
6.530000000000000249e-01 1.604206157694000046e-01
6.540000000000000258e-01 1.557481706498999863e-01
6.550000000000000266e-01 1.512118161649500248e-01
6.560000000000000275e-01 1.468075885096500055e-01
6.570000000000000284e-01 1.425316393297500206e-01
6.580000000000000293e-01 1.383802323589500005e-01
6.590000000000000302e-01 1.343497401544500036e-01
6.600000000000000311e-01 1.304366409265499960e-01
6.610000000000000320e-01 1.266375154627500110e-01
6.620000000000000329e-01 1.229490441385499983e-01
6.630000000000000338e-01 1.193680040179500024e-01
6.640000000000000346e-01 1.158912660368999897e-01
6.650000000000000355e-01 1.125157922687999995e-01
6.660000000000000364e-01 1.092386332706999919e-01
6.670000000000000373e-01 1.060569255055500010e-01
6.680000000000000382e-01 1.029678888403499915e-01
6.690000000000000391e-01 9.996882411690000136e-02
6.700000000000000400e-01 9.705711079305000266e-02
6.710000000000000409e-01 9.423020465339999874e-02
6.720000000000000417e-01 9.148563558585000310e-02
6.730000000000000426e-01 8.882100542310000790e-02
6.740000000000000435e-01 8.623398584775000819e-02
6.750000000000000444e-01 8.372231635710000730e-02
6.760000000000000453e-01 8.128380228840000055e-02
6.770000000000000462e-01 7.891631290140001254e-02
6.780000000000000471e-01 7.661777951579999690e-02
6.790000000000000480e-01 7.438619370464999436e-02
6.800000000000000488e-01 7.221960553860000409e-02
6.810000000000000497e-01 7.011612188205000595e-02
6.820000000000000506e-01 6.807390473985000523e-02
6.830000000000000515e-01 6.609116965035000124e-02
6.840000000000000524e-01 6.416618412659999549e-02
6.850000000000000533e-01 6.229726614225000042e-02
6.860000000000000542e-01 6.048278266244999646e-02
6.870000000000000551e-01 5.872114821599999646e-02
6.879999999999999449e-01 5.701082351069999832e-02
6.889999999999999458e-01 5.535031408799999386e-02
6.899999999999999467e-01 5.373816901755000541e-02
6.909999999999999476e-01 5.217297962864999444e-02
6.919999999999999485e-01 5.065337828025000266e-02
6.929999999999999494e-01 4.917803716529999675e-02
6.939999999999999503e-01 4.774566715079999607e-02
6.949999999999999512e-01 4.635501665114999392e-02
6.959999999999999520e-01 4.500487053510000141e-02
6.969999999999999529e-01 4.369404906330000282e-02
6.979999999999999538e-01 4.242140685750000334e-02
6.989999999999999547e-01 4.118583190050000009e-02
6.999999999999999556e-01 3.998624456354999551e-02
7.009999999999999565e-01 3.882159666374999929e-02
7.019999999999999574e-01 3.769087054724999664e-02
7.029999999999999583e-01 3.659307820125000388e-02
7.039999999999999591e-01 3.552726038955000137e-02
7.049999999999999600e-01 3.449248581510000466e-02
7.059999999999999609e-01 3.348785030595000101e-02
7.069999999999999618e-01 3.251247602520000030e-02
7.079999999999999627e-01 3.156551070404999687e-02
7.089999999999999636e-01 3.064612689720000102e-02
7.099999999999999645e-01 2.975352125939999953e-02
7.109999999999999654e-01 2.888691384405000021e-02
7.119999999999999662e-01 2.804554742145000043e-02
7.129999999999999671e-01 2.722868681684999931e-02
7.139999999999999680e-01 2.643561826875000242e-02
7.149999999999999689e-01 2.566564880474999852e-02
7.159999999999999698e-01 2.491810563555000094e-02
7.169999999999999707e-01 2.419233556859999926e-02
7.179999999999999716e-01 2.348770443555000045e-02
7.189999999999999725e-01 2.280359653935000105e-02
7.199999999999999734e-01 2.213941411590000102e-02
7.209999999999999742e-01 2.149457681144999882e-02
7.219999999999999751e-01 2.086852117620000002e-02
7.229999999999999760e-01 2.026070017109999830e-02
7.239999999999999769e-01 1.967058269040000001e-02
7.249999999999999778e-01 1.909765309739999695e-02
7.259999999999999787e-01 1.854141077414999880e-02
7.269999999999999796e-01 1.800136968375000077e-02
7.279999999999999805e-01 1.747705794539999857e-02
7.289999999999999813e-01 1.696801742265000024e-02
7.299999999999999822e-01 1.647380332290000055e-02
7.309999999999999831e-01 1.599398380875000081e-02
7.319999999999999840e-01 1.552813962014999889e-02
7.329999999999999849e-01 1.507586370884999964e-02
7.339999999999999858e-01 1.463676088230000082e-02
7.349999999999999867e-01 1.421044745864999924e-02
7.359999999999999876e-01 1.379655093075000082e-02
7.369999999999999885e-01 1.339470964139999852e-02
7.379999999999999893e-01 1.300457246744999955e-02
7.389999999999999902e-01 1.262579851200000026e-02
7.399999999999999911e-01 1.225805680785000025e-02
7.409999999999999920e-01 1.190102602694999984e-02
7.419999999999999929e-01 1.155439420095000051e-02
7.429999999999999938e-01 1.121785844760000116e-02
7.439999999999999947e-01 1.089112470629999968e-02
7.449999999999999956e-01 1.057390748189999952e-02
7.459999999999999964e-01 1.026592959404999846e-02
7.469999999999999973e-01 9.966921935999999843e-03
7.479999999999999982e-01 9.676623238800001123e-03
7.489999999999999991e-01 9.394779843599999555e-03
7.500000000000000000e-01 9.121145479199999767e-03
7.510000000000000009e-01 8.855481047700000316e-03
7.520000000000000018e-01 8.597554415249999624e-03
7.530000000000000027e-01 8.347140208949999085e-03
7.540000000000000036e-01 8.104019620350001035e-03
7.550000000000000044e-01 7.867980213900000255e-03
7.560000000000000053e-01 7.638815741699999350e-03
7.570000000000000062e-01 7.416325962899999839e-03
7.580000000000000071e-01 7.200316468799999696e-03
7.590000000000000080e-01 6.990598513349999439e-03
7.600000000000000089e-01 6.786988847999999956e-03
7.610000000000000098e-01 6.589309561050000520e-03
7.620000000000000107e-01 6.397387923449999667e-03
7.630000000000000115e-01 6.211056236249999987e-03
7.640000000000000124e-01 6.030151685700000340e-03
7.650000000000000133e-01 5.854516199700000173e-03
7.660000000000000142e-01 5.683996310400000161e-03
7.670000000000000151e-01 5.518443019799999794e-03
7.680000000000000160e-01 5.357711669700000560e-03
7.690000000000000169e-01 5.201661815250000105e-03
7.700000000000000178e-01 5.050157102249999697e-03
7.710000000000000187e-01 4.903065147749999589e-03
7.720000000000000195e-01 4.760257424999999980e-03
7.730000000000000204e-01 4.621609150500000096e-03
7.740000000000000213e-01 4.486999175250000471e-03
7.750000000000000222e-01 4.356309878849999769e-03
7.760000000000000231e-01 4.229427066899999442e-03
7.770000000000000240e-01 4.106239870800000059e-03
7.780000000000000249e-01 3.986640651299999671e-03
7.790000000000000258e-01 3.870524904149999848e-03
7.800000000000000266e-01 3.757791169049999602e-03
7.810000000000000275e-01 3.648340940849999822e-03
7.820000000000000284e-01 3.542078583300000034e-03
7.830000000000000293e-01 3.438911245950000174e-03
7.840000000000000302e-01 3.338748782400000146e-03
7.850000000000000311e-01 3.241503672299999705e-03
7.860000000000000320e-01 3.147090943949999720e-03
7.870000000000000329e-01 3.055428100949999885e-03
7.880000000000000338e-01 2.966435049449999990e-03
7.890000000000000346e-01 2.880034028550000104e-03
7.900000000000000355e-01 2.796149542349999923e-03
7.910000000000000364e-01 2.714708293500000050e-03
7.920000000000000373e-01 2.635639119900000035e-03
7.930000000000000382e-01 2.558872931999999975e-03
7.940000000000000391e-01 2.484342652350000034e-03
7.950000000000000400e-01 2.411983157700000116e-03
7.960000000000000409e-01 2.341731221099999961e-03
7.970000000000000417e-01 2.273525457299999716e-03
7.980000000000000426e-01 2.207306269199999990e-03
7.990000000000000435e-01 2.143015795350000120e-03
8.000000000000000444e-01 2.080597859550000189e-03
8.010000000000000453e-01 2.019997921949999789e-03
8.020000000000000462e-01 1.961163031049999953e-03
8.030000000000000471e-01 1.904041777650000147e-03
8.040000000000000480e-01 1.848584250150000011e-03
8.050000000000000488e-01 1.794741990449999882e-03
8.060000000000000497e-01 1.742467951950000095e-03
8.070000000000000506e-01 1.691716458150000152e-03
8.080000000000000515e-01 1.642443163199999896e-03
8.090000000000000524e-01 1.594605012900000103e-03
8.100000000000000533e-01 1.548160206599999943e-03
8.110000000000000542e-01 1.503068161799999813e-03
8.120000000000000551e-01 1.459289477549999877e-03
8.129999999999999449e-01 1.416785900400000051e-03
8.139999999999999458e-01 1.375520291700000177e-03
8.149999999999999467e-01 1.335456593850000047e-03
8.159999999999999476e-01 1.296559799850000114e-03
8.169999999999999485e-01 1.258795922249999946e-03
8.179999999999999494e-01 1.222131963300000096e-03
8.189999999999999503e-01 1.186535886750000098e-03
8.199999999999999512e-01 1.151976589049999835e-03
8.209999999999999520e-01 1.118423872949999946e-03
8.219999999999999529e-01 1.085848420199999947e-03
8.229999999999999538e-01 1.054221767250000013e-03
8.239999999999999547e-01 1.023516278850000088e-03
8.249999999999999556e-01 9.937051250999999127e-04
8.259999999999999565e-01 9.647622574499999885e-04
8.269999999999999574e-01 9.366623858999999956e-04
8.279999999999999583e-01 9.093809570999999460e-04
8.289999999999999591e-01 8.828941331999999196e-04
8.299999999999999600e-01 8.571787701000000434e-04
8.309999999999999609e-01 8.322123981000000481e-04
8.319999999999999618e-01 8.079732019499999331e-04
8.329999999999999627e-01 7.844400019500000210e-04
8.339999999999999636e-01 7.615922349000000136e-04
8.349999999999999645e-01 7.394099368500000376e-04
8.359999999999999654e-01 7.178737250999999570e-04
8.369999999999999662e-01 6.969647815499999599e-04
8.379999999999999671e-01 6.766648365000000167e-04
8.389999999999999680e-01 6.569561519999999244e-04
8.399999999999999689e-01 6.378215066999999962e-04
8.409999999999999698e-01 6.192441812999999922e-04
8.419999999999999707e-01 6.012079430999999830e-04
8.429999999999999716e-01 5.836970320499999072e-04
8.439999999999999725e-01 5.666961477000000136e-04
8.449999999999999734e-01 5.501904346500000086e-04
8.459999999999999742e-01 5.341654705499999716e-04
8.469999999999999751e-01 5.186072529000000176e-04
8.479999999999999760e-01 5.035021873499999530e-04
8.489999999999999769e-01 4.888370750999999990e-04
8.499999999999999778e-01 4.745991019500000107e-04
8.509999999999999787e-01 4.607758271999999773e-04
8.519999999999999796e-01 4.473551719500000034e-04
8.529999999999999805e-01 4.343254096500000108e-04
8.539999999999999813e-01 4.216751550000000215e-04
8.549999999999999822e-01 4.093933543500000551e-04
8.559999999999999831e-01 3.974692761000000259e-04
8.569999999999999840e-01 3.858925010999999660e-04
8.579999999999999849e-01 3.746529136500000067e-04
8.589999999999999858e-01 3.637406929500000444e-04
8.599999999999999867e-01 3.531463037999999508e-04
8.609999999999999876e-01 3.428604890999999827e-04
8.619999999999999885e-01 3.328742613000000138e-04
8.629999999999999893e-01 3.231788944500000433e-04
8.639999999999999902e-01 3.137659169999999970e-04
8.649999999999999911e-01 3.046271038500000198e-04
8.659999999999999920e-01 2.957544697499999808e-04
8.669999999999999929e-01 2.871402617999999920e-04
8.679999999999999938e-01 2.787769533000000310e-04
8.689999999999999947e-01 2.706572362500000257e-04
8.699999999999999956e-01 2.627740156499999745e-04
8.709999999999999964e-01 2.551204036499999913e-04
8.719999999999999973e-01 2.476897121999999769e-04
8.729999999999999982e-01 2.404754488499999778e-04
8.739999999999999991e-01 2.334713095500000140e-04
8.750000000000000000e-01 2.266711743000000097e-04
8.760000000000000009e-01 2.200691013000000010e-04
8.770000000000000018e-01 2.136593215500000005e-04
8.780000000000000027e-01 2.074362344999999819e-04
8.790000000000000036e-01 2.013944024999999942e-04
8.800000000000000044e-01 1.955285461499999965e-04
8.810000000000000053e-01 1.898335399500000048e-04
8.820000000000000062e-01 1.843044076499999811e-04
8.830000000000000071e-01 1.789363180500000016e-04
8.840000000000000080e-01 1.737245806499999976e-04
8.850000000000000089e-01 1.686646414500000057e-04
8.860000000000000098e-01 1.637520790499999988e-04
8.870000000000000107e-01 1.589826010499999762e-04
8.880000000000000115e-01 1.543520398499999974e-04
8.890000000000000124e-01 1.498563493499999882e-04
8.900000000000000133e-01 1.454916013500000217e-04
8.910000000000000142e-01 1.412539819500000014e-04
8.920000000000000151e-01 1.371397882500000108e-04
8.930000000000000160e-01 1.331454254999999939e-04
8.940000000000000169e-01 1.292674033500000141e-04
8.950000000000000178e-01 1.255023333000000046e-04
8.960000000000000187e-01 1.218469255500000028e-04
8.970000000000000195e-01 1.182979859999999997e-04
8.980000000000000204e-01 1.148524135499999943e-04
8.990000000000000213e-01 1.115071977000000084e-04
9.000000000000000222e-01 1.082594152499999888e-04
9.010000000000000231e-01 1.051062283499999938e-04
9.020000000000000240e-01 1.020448819499999977e-04
9.030000000000000249e-01 9.907270094999999109e-05
9.040000000000000258e-01 9.618708825000000563e-05
9.050000000000000266e-01 9.338552250000000049e-05
9.060000000000000275e-01 9.066555584999999356e-05
9.070000000000000284e-01 8.802481155000000865e-05
9.080000000000000293e-01 8.546098214999999865e-05
9.090000000000000302e-01 8.297182725000000361e-05
9.100000000000000311e-01 8.055517215000000165e-05
9.110000000000000320e-01 7.820890499999999621e-05
9.120000000000000329e-01 7.593097575000000400e-05
9.130000000000000338e-01 7.371939390000000977e-05
9.140000000000000346e-01 7.157222699999999944e-05
9.150000000000000355e-01 6.948759914999999316e-05
9.160000000000000364e-01 6.746368844999999859e-05
9.170000000000000373e-01 6.549872669999999585e-05
9.180000000000000382e-01 6.359099670000000523e-05
9.190000000000000391e-01 6.173883180000001034e-05
9.200000000000000400e-01 5.994061334999999953e-05
9.210000000000000409e-01 5.819477024999999748e-05
9.220000000000000417e-01 5.649977699999999436e-05
9.230000000000000426e-01 5.485415235000000005e-05
9.240000000000000435e-01 5.325645854999999971e-05
9.250000000000000444e-01 5.170529969999999962e-05
9.260000000000000453e-01 5.019932010000000537e-05
9.270000000000000462e-01 4.873720394999999999e-05
9.280000000000000471e-01 4.731767370000000342e-05
9.290000000000000480e-01 4.593948899999999942e-05
9.300000000000000488e-01 4.460144565000000486e-05
9.310000000000000497e-01 4.330237440000000266e-05
9.320000000000000506e-01 4.204114019999999899e-05
9.330000000000000515e-01 4.081664099999999693e-05
9.340000000000000524e-01 3.962780684999999868e-05
9.350000000000000533e-01 3.847359885000000026e-05
9.360000000000000542e-01 3.735300854999999530e-05
9.370000000000000551e-01 3.626505690000000361e-05
9.379999999999999449e-01 3.520879304999999736e-05
9.389999999999999458e-01 3.418329420000000199e-05
9.399999999999999467e-01 3.318766425000000130e-05
9.409999999999999476e-01 3.222103334999999616e-05
9.419999999999999485e-01 3.128255654999999774e-05
9.429999999999999494e-01 3.037141424999999925e-05
9.439999999999999503e-01 2.948680994999999851e-05
9.449999999999999512e-01 2.862797070000000019e-05
9.459999999999999520e-01 2.779414634999999851e-05
9.469999999999999529e-01 2.698460819999999751e-05
9.479999999999999538e-01 2.619864869999999940e-05
9.489999999999999547e-01 2.543558130000000039e-05
9.499999999999999556e-01 2.469473910000000088e-05
9.509999999999999565e-01 2.397547485000000198e-05
9.519999999999999574e-01 2.327716005000000107e-05
9.529999999999999583e-01 2.259918449999999965e-05
9.539999999999999591e-01 2.194095585000000107e-05
9.549999999999999600e-01 2.130189884999999998e-05
9.559999999999999609e-01 2.068145519999999853e-05
9.569999999999999618e-01 2.007908264999999843e-05
9.579999999999999627e-01 1.949425500000000094e-05
9.589999999999999636e-01 1.892646119999999898e-05
9.599999999999999645e-01 1.837520504999999932e-05
9.609999999999999654e-01 1.784000490000000070e-05
9.619999999999999662e-01 1.732039319999999842e-05
9.629999999999999671e-01 1.681591560000000006e-05
9.639999999999999680e-01 1.632613169999999879e-05
9.649999999999999689e-01 1.585061325000000160e-05
9.659999999999999698e-01 1.538894490000000252e-05
9.669999999999999707e-01 1.494072330000000019e-05
9.679999999999999716e-01 1.450555649999999983e-05
9.689999999999999725e-01 1.408306454999999941e-05
9.699999999999999734e-01 1.367287829999999878e-05
9.709999999999999742e-01 1.327463909999999988e-05
9.719999999999999751e-01 1.288799909999999980e-05
9.729999999999999760e-01 1.251262049999999883e-05
9.739999999999999769e-01 1.214817524999999895e-05
9.749999999999999778e-01 1.179434490000000140e-05
9.759999999999999787e-01 1.145082030000000007e-05
9.769999999999999796e-01 1.111730129999999863e-05
9.779999999999999805e-01 1.079349629999999979e-05
9.789999999999999813e-01 1.047912269999999909e-05
9.799999999999999822e-01 1.017390555000000013e-05
9.809999999999999831e-01 9.877578149999998971e-06
9.819999999999999840e-01 9.589881749999999521e-06
9.829999999999999849e-01 9.310564800000001331e-06
9.839999999999999858e-01 9.039383250000001085e-06
9.849999999999999867e-01 8.776100249999999560e-06
9.859999999999999876e-01 8.520485699999999363e-06
9.869999999999999885e-01 8.272316249999999845e-06
9.879999999999999893e-01 8.031374999999998978e-06
9.889999999999999902e-01 7.797451500000000132e-06
9.899999999999999911e-01 7.570341149999999736e-06
9.909999999999999920e-01 7.349845799999999614e-06
9.919999999999999929e-01 7.135772700000000005e-06
9.929999999999999938e-01 6.927934649999999469e-06
9.939999999999999947e-01 6.726150149999999876e-06
9.949999999999999956e-01 6.530242799999999154e-06
9.959999999999999964e-01 6.340041599999999570e-06
9.969999999999999973e-01 6.155380200000000566e-06
9.979999999999999982e-01 5.976097200000000270e-06
9.989999999999999991e-01 5.802036149999999732e-06
1.000000000000000000e+00 5.633044799999999990e-06
