-2.847875515591849482e-01 -4.237380193346327317e-01 -8.598500691674608731e-01
-3.605551735957452930e-01 -4.063459183285806353e-01 -8.395730828528534806e-01
-2.085299482020929462e-01 -5.004290935606960922e-01 -8.402892258150478355e-01
-3.503549113822035932e-01 -4.257859117298659624e-01 -8.342408485819517994e-01
-1.740915142652063319e-01 -4.996200264009104663e-01 -8.485705473795334131e-01
-2.559584676534061298e-01 -4.399299669013426728e-01 -8.607827176812413716e-01
-8.365669746506322613e-02 -4.999428387117614836e-01 -8.620085353348101442e-01
-3.783836209664425687e-01 -3.725393365294987769e-01 -8.473725733834464036e-01
-3.778634941327358443e-01 -3.452785278863851892e-01 -8.590703801100412207e-01
-3.450819435327316387e-01 -4.112068884373873967e-01 -8.436986115606179837e-01
-1.924465723230346093e-01 -5.112498977013635315e-01 -8.376084162073947903e-01
-1.817423545363561765e-01 -5.611092767385164048e-01 -8.075432472168661002e-01
2.142928806505884493e-02 -5.277912596304709103e-01 -8.491037462352322152e-01
-7.065301436440862837e-02 -5.009612621944505850e-01 -8.625809905984281878e-01
-1.683990200506730039e-01 -4.644352075759273779e-01 -8.694490830462001663e-01
-6.291004145229324440e-02 -4.998658994275598788e-01 -8.638150318638518899e-01
-2.575897765702597209e-01 -4.427101697739738162e-01 -8.588685653725969260e-01
1.330104069902319011e-02 -5.183480673363413116e-01 -8.550662918189457784e-01
5.741385200786762455e-02 -5.099281158446885565e-01 -8.582988793355753598e-01
-4.930517144970928967e-01 -2.128281889902540192e-01 -8.435663393015430112e-01
-4.200580312077981660e-01 -3.145731663467924433e-01 -8.512314452793563468e-01
4.938282244678414423e-02 -5.337244223271065957e-01 -8.442153622499330989e-01
-3.833204629709188738e-01 -3.290756633868768266e-01 -8.630032621225990352e-01
-1.859267783811112684e-01 -4.603613387448639571e-01 -8.680430121081892381e-01
1.318844223052590692e-01 -5.118574250678469273e-01 -8.488866093631831644e-01
1.098121578735444664e-01 -4.859224052591245013e-01 -8.670759517195382182e-01
1.010920470923072634e-01 -4.997745996570950866e-01 -8.602358673946797207e-01
-8.253215649351894681e-03 -4.998649306149217653e-01 -8.660640481931949353e-01
-2.671711999124965486e-01 -4.365241857490139155e-01 -8.591077843864978192e-01
-2.371615829756789084e-01 -4.397410506726767143e-01 -8.662460342845793582e-01
2.042526077279964991e-01 -4.666377988675968203e-01 -8.605405492504798470e-01
-5.001214566610240331e-01 -1.714996353716527200e-01 -8.488029239197080189e-01
-4.795408112567224324e-01 -1.937523741645394426e-01 -8.558625052219829277e-01
2.611280365944613213e-01 -4.346099574662423137e-01 -8.619317451953564246e-01
2.188317197549979054e-01 -4.916450170237190997e-01 -8.428510281567063167e-01
2.825018471448001445e-01 -4.478174283058057314e-01 -8.483232033048198062e-01
1.495871806833670437e-01 -4.833337186086964499e-01 -8.625614133678198847e-01
2.723673009952952417e-02 -4.930843507052458108e-01 -8.695550492194680237e-01
-7.021227325305835765e-02 -4.927210615299609797e-01 -8.673500978321418975e-01
1.735038180343701775e-01 -4.733995060313428427e-01 -8.635909522550456741e-01
1.854367240996147165e-02 -5.002370666469785343e-01 -8.656899036987657503e-01
-3.670680632952068589e-01 -3.192011306530524450e-01 -8.737114369736262987e-01
-4.402278778039439566e-01 -2.505026465455099105e-01 -8.622342139337380029e-01
3.303697824300579344e-01 -3.876356227367396823e-01 -8.605779632564478643e-01
3.424278434776484303e-01 -3.781320880362279424e-01 -8.600926089722021883e-01
-5.426821625364847135e-01 -1.063449412407511604e-02 -8.398708103032568317e-01
3.850619776328975119e-01 -3.667000940535843911e-01 -8.469110427917057038e-01
-2.948232427602200389e-01 -4.087911365744844039e-01 -8.636950053036602792e-01
-1.274354098401444813e-01 -4.865374346342266065e-01 -8.643156489491671257e-01
-4.892970962040237848e-01 -1.346657770992610026e-01 -8.616574029883120600e-01
-4.389647777380017990e-01 -2.448484854930688126e-01 -8.644993597783500183e-01
-1.725821760368095592e-01 -4.833081033146158223e-01 -8.582707438709700210e-01
4.081651304702786365e-01 -3.046899241220779042e-01 -8.605610242200508742e-01
-5.167603407537666449e-01 -7.802621729608372192e-02 -8.525670997865888445e-01
3.965101184998138795e-01 -3.458531534095629079e-01 -8.503912759453291503e-01
1.741211277564465310e-01 -4.760743335261913844e-01 -8.619948154289652775e-01
-3.568721099797778629e-01 -3.664499616841235263e-01 -8.592768603309911546e-01
-1.820689794516454907e-01 -4.717995590791085880e-01 -8.627027661797515012e-01
2.524900045081129307e-01 -4.216293899256270961e-01 -8.709061115725601487e-01
1.083093565196811964e-01 -4.980057575199606790e-01 -8.603832569077937142e-01
-4.523636089062678667e-01 -2.440911521139586537e-01 -8.577800853348004351e-01
3.410611550268764502e-01 -3.684559375771370715e-01 -8.648222421954039341e-01
3.529207870197554886e-01 -3.657848205783187923e-01 -8.611900969726972166e-01
3.987504847966267807e-01 -2.934508280587303508e-01 -8.688409879754180887e-01
-3.258592063866921906e-01 -3.868021274280437072e-01 -8.626702103528176568e-01
-5.261568118898474200e-01 7.045902373652798700e-02 -8.474635893511928142e-01
-5.104323195240525468e-01 -1.101281030045013834e-02 -8.598474080873780290e-01
4.442083319164394917e-01 -2.923266884058715043e-01 -8.468908224214445335e-01
4.694158671365548652e-01 -1.970473524743785732e-01 -8.607096401012795939e-01
-5.005268973762545537e-01 1.757902306605040321e-01 -8.476854486230296359e-01
2.546737390384865574e-01 -4.402978574251047439e-01 -8.609756578388375603e-01
2.353228422155659583e-01 -4.555187020343824944e-01 -8.585603485070221197e-01
3.222154342200141963e-01 -3.844469036122050154e-01 -8.650883147132411022e-01
7.480129151728143189e-02 -5.096449689850647280e-01 -8.571270456446693498e-01
-2.143883966220087520e-03 -5.351807709821151393e-01 -8.447348377642112105e-01
4.338844464859212824e-01 -2.613265460144571506e-01 -8.622370459715585911e-01
-5.054298617042084496e-01 1.825530674401174697e-02 -8.626745612763522253e-01
4.829142595008637517e-01 -1.465027204210571365e-01 -8.633254142442244872e-01
-3.858294890464369908e-01 -3.278711632933776210e-01 -8.623433803670164099e-01
1.290126715675088132e-01 -4.966033129650174738e-01 -8.583361113964522726e-01
-3.211987443494670469e-01 -3.886173909993559938e-01 -8.636016964093918835e-01
-4.713608648368040055e-01 -1.236802731812475381e-01 -8.732251285471073210e-01
-5.003375540705838898e-01 1.051765245740215182e-01 -8.594185421930317093e-01
5.020785235634348531e-01 -2.015614168387663552e-01 -8.410054407780668262e-01
-4.989750004636224201e-01 -6.235766105698471728e-02 -8.643699850294608300e-01
-4.318089662554064900e-01 3.033933218634524143e-01 -8.494077400813444534e-01
-4.768219891719403525e-01 1.863107288962140284e-01 -8.590279989268542193e-01
-4.044241060353099826e-01 3.526524456335081159e-01 -8.438467841061231267e-01
-2.260393153572823888e-01 4.507672989224744686e-01 -8.635479547396007760e-01
-2.847501015426540660e-01 4.618785247220258960e-01 -8.399914333325388949e-01
-3.691363720972893336e-01 3.590987024444314279e-01 -8.571968622770250734e-01
-2.521331778587401762e-01 4.508817715920224733e-01 -8.562327304354184765e-01
-9.928921983428104503e-02 5.137149872009371121e-01 -8.521963170243349595e-01
-4.743519314268739850e-01 -1.549333771326810993e-01 -8.665944229002726651e-01
-6.722895200760614642e-02 -5.349335265017134411e-01 -8.422151686097797407e-01
-4.008863054758359246e-01 -2.973094479603108353e-01 -8.665432835326057903e-01
4.601672340723323984e-01 -1.908780040685117141e-01 -8.670707608085054252e-01
4.751864506850750902e-01 -1.493945430159764054e-01 -8.671096283644695868e-01
5.002852173924404733e-01 -7.902832320076275119e-02 -8.622466151807580692e-01
-2.751615878478927968e-01 -4.405617130606916954e-01 -8.545124209501318013e-01
4.225475497640587275e-01 -2.454184192388662311e-01 -8.724811560639498254e-01
-4.726636299342579228e-01 2.187920354992585470e-01 -8.536504777363286278e-01
-4.197932540344614383e-01 2.857726373770645423e-01 -8.614566870096923568e-01
-2.591012574723078332e-01 4.706696095202094199e-01 -8.434077644000927965e-01
-4.809746829942668916e-02 5.368149289845602912e-01 -8.423279441894867547e-01
5.157796297908859851e-01 -9.553591943832946687e-02 -8.513778606411195327e-01
4.781063281029582779e-01 -1.300799753149950722e-01 -8.686158754305361995e-01
5.246810141604381188e-03 -5.246240959774044477e-01 -8.513178189743411117e-01
5.333258063660124559e-01 -6.217244836976167782e-02 -8.436220545527197689e-01
-1.448975891188900023e-01 4.967993580662090625e-01 -8.556839875167326914e-01
-4.242064725435489847e-01 2.859852668718544932e-01 -8.592213310808766158e-01
3.002770105297857817e-01 -3.938238240387298972e-01 -8.687557266382803789e-01
-5.910361329732211760e-02 -5.108782108315373938e-01 -8.576189227114614511e-01
-2.889607155486344503e-01 -4.227920695206476842e-01 -8.589229132000548717e-01
-2.011824589664328866e-01 -4.973221403799137352e-01 -8.439172393618706858e-01
2.887417077875970017e-01 -4.475585106318026307e-01 -8.463566658005031718e-01
4.112201962703259661e-01 -3.090004213724111826e-01 -8.575643939501376156e-01
4.604384526380673748e-01 -2.223573508446325397e-01 -8.593914357599912179e-01
2.132885846341490699e-01 -5.035782187261681475e-01 -8.372078339870817620e-01
-5.023335878634280771e-01 3.976629535422741141e-02 -8.637589989447611583e-01
3.690671836986926246e-01 -3.357938992035534032e-01 -8.666209501127867254e-01
5.120980732284884374e-01 -1.937253929060675853e-02 -8.587084884389484252e-01
-4.563221025970894962e-01 -2.205594161325722391e-01 -8.620462183877557472e-01
-1.649139083818865481e-01 4.852549257722259535e-01 -8.586798354660496457e-01
-1.809023760640423584e-01 4.730862082742721686e-01 -8.622434516278193462e-01
4.944745922798037263e-01 -2.180488970503177346e-02 -8.689185372488454906e-01
-3.147312998118093619e-01 3.938509755645803745e-01 -8.636119602955932839e-01
-3.106161234800368653e-01 3.913939794913661729e-01 -8.662149713853637412e-01
4.847214391294941138e-01 -1.167503097183476141e-01 -8.668416762182711288e-01
-4.409810505081782628e-01 2.340763255261743558e-01 -8.664548383619702365e-01
-4.746026859286503474e-01 -1.990278004277911128e-01 -8.574031870515680387e-01
7.078449015550319912e-02 -5.657153592909272000e-01 -8.215568685220535627e-01
5.347200441383933578e-01 -1.910554214580284169e-03 -8.450271144639253107e-01
1.700067755537854053e-01 4.987987014750699388e-01 -8.498809044051930384e-01
1.623407611506655357e-01 5.759576344804485659e-01 -8.011980283005621928e-01
1.706776573123164071e-03 5.185119988017565795e-01 -8.550686487132694857e-01
1.134022916226958520e-02 5.136462289164478445e-01 -8.579271243657350388e-01
3.112033590350002932e-01 -3.972151095214204730e-01 -8.633496545972660918e-01
3.675872037020199157e-01 -3.206933919164826063e-01 -8.729463878472898397e-01
4.509955409466119280e-01 -2.527584204517440147e-01 -8.559884362168757033e-01
-4.879301131191293717e-01 7.734910806252538740e-02 -8.694488600219597574e-01
4.949047797901837131e-01 2.355696491879030394e-02 -8.686278422573413538e-01
-4.215681573190582232e-01 -2.887572173129787645e-01 -8.595926699223760403e-01
3.774670479255952671e-01 -3.832736101474708557e-01 -8.429827800701868989e-01
1.878725713441847800e-01 -5.176798576241515848e-01 -8.346924355394400585e-01
-3.754059868137277212e-01 -3.643264381374236582e-01 -8.522538304627966799e-01
-5.163898033448633962e-01 -5.028061461105218233e-02 -8.548762663659509320e-01
-3.901128806469396082e-01 3.092901677454639175e-01 -8.672667020526785286e-01
2.700343062482042991e-02 5.195400826596462407e-01 -8.540192721739354731e-01
4.855265009653867425e-01 1.150596574630482205e-01 -8.666171542756319068e-01
5.018029801531478373e-01 -6.444808132284707280e-03 -8.649579374498840290e-01
2.298069830748452891e-01 -5.071617978958291584e-01 -8.306477359778378089e-01
4.794945816651600135e-01 1.432075261880229045e-01 -8.657808906396928794e-01
-2.468737485217810113e-01 -4.768459414089425974e-01 -8.436061287429245104e-01
-4.692726181596549306e-01 1.514211920857798099e-01 -8.699740412408316637e-01
-3.830740859392742226e-01 -3.708847375322434914e-01 -8.459898085363843911e-01
1.877160373026839357e-01 4.981028888772665586e-01 -8.465554922339697530e-01
4.853663462141963869e-01 1.964240197230246732e-01 -8.519607470057113385e-01
5.069353980131340309e-01 1.671788469008799183e-01 -8.456167780916823418e-01
3.761992462241741109e-01 3.708321372452559883e-01 -8.490922524240100966e-01
3.441875392376216314e-01 4.058587935878011921e-01 -8.466484379605297983e-01
5.156649122401553154e-01 1.985622477487968829e-01 -8.334642956079753029e-01
3.560887541527470446e-01 3.678698426159970336e-01 -8.589950978088443101e-01
3.709502147377309322e-01 4.009778308076436537e-01 -8.376232550418045708e-01
2.243828414648822434e-01 4.586099526087856204e-01 -8.598425738612347491e-01
4.774146127742148749e-01 1.545410579861379030e-01 -8.649811263294544528e-01
2.115661359390443863e-01 4.636989833377585524e-01 -8.603621464100748018e-01
3.731249221331754407e-01 3.461581549244843736e-01 -8.607858759659038350e-01
-4.834442452112238664e-01 -1.309463738880985162e-01 -8.655256835806250937e-01
4.985718312830278998e-01 -9.656433559211391460e-02 -8.614531084990880716e-01
4.836306940143774158e-01 1.038295247541566463e-01 -8.690919293127152834e-01
-5.074999289939418068e-01 -3.072094221368616013e-02 -8.611039692050241889e-01
5.066077014420604652e-01 5.414070767416795382e-02 -8.604751133020248632e-01
-4.403859977550535487e-01 2.313413649132067540e-01 -8.674914096758424842e-01
-2.705867350718848541e-01 4.221844351749251545e-01 -8.651838657182454595e-01
-1.122997319278974809e-01 4.831755967740120616e-01 -8.682914907397167870e-01
-6.627327748228734050e-02 -5.957305986688562482e-01 -8.004454425514594407e-01
4.582490556902171219e-01 -2.823390396522122980e-01 -8.427885082553575602e-01
-4.910470418763241418e-01 8.387796533533538323e-02 -8.670855145807221387e-01
-3.151141819765032048e-01 3.976021709563323236e-01 -8.617514525477115717e-01
3.088835134222153167e-01 -5.108783445057109018e-01 -8.022432874453062635e-01
2.864404459369825420e-02 -5.761952430875368902e-01 -8.168099904828590718e-01
-1.336290373013434007e-01 4.917463061186279072e-01 -8.604236461235830191e-01
4.294330289167160863e-01 2.814910035508805253e-01 -8.581084363851302355e-01
2.706024929718313099e-01 4.451746240145847966e-01 -8.535770878666455452e-01
-4.795812599388798447e-01 -2.311471575036841419e-01 -8.465062354722519000e-01
3.368479352819742645e-01 3.758769570717881980e-01 -8.632786234111927692e-01
8.634785955892713971e-02 5.033971305955948772e-01 -8.597298273630579191e-01
-2.899742398678284983e-01 -4.528983547969056001e-01 -8.430883823392012477e-01
-5.012080947994167895e-02 -5.641807332804821273e-01 -8.241286335592113987e-01
5.019261560745983397e-01 -1.938300313319631096e-01 -8.429116518366727151e-01
5.026778609023888622e-01 -4.211597676702812099e-02 -8.634472842389151470e-01
5.010437833470777758e-01 -6.294474595011161078e-02 -8.631298199729415810e-01
4.130278367520212601e-01 -3.565510077366202402e-01 -8.380211124726787419e-01
-2.705352510356708318e-01 -4.944580101769681102e-01 -8.260278167948703620e-01
4.987200460943033709e-01 -1.455363466175466081e-01 -8.544574228344634648e-01
4.978562779146086803e-01 -2.157521853318128402e-01 -8.399941196612981109e-01
4.848996141846773633e-01 1.347842174550360206e-01 -8.641212755676048740e-01
-4.396368719639135447e-01 2.416913253823028684e-01 -8.650460820353627067e-01
4.702348043840540170e-01 1.458032723541432540e-01 -8.704140592365877671e-01
-4.007376968673275197e-01 3.140475311289479543e-01 -8.606877752711968865e-01
-2.912251368774985694e-01 4.247855937746903843e-01 -8.571727474506908306e-01
4.976198442191658855e-01 5.492621839795335664e-02 -8.656544351944334137e-01
-5.093206692686235160e-01 -8.422805061588185815e-02 -8.564450311287991058e-01
-4.953107122539019413e-01 -1.798975764375340403e-01 -8.498847923797870907e-01
-2.851912716464364839e-01 -4.830535629073518522e-01 -8.278437013948959367e-01
2.949089103845302026e-02 5.042193130475040030e-01 -8.630719388878667075e-01
-4.482028325365275401e-01 -3.164932492917611473e-01 -8.360300497344438364e-01
4.198316710191935530e-01 -3.491548232177268951e-01 -8.377543061262230362e-01
-5.095146967751659206e-01 -1.050134521714354841e-01 -8.540298288895700196e-01
4.657519554109836313e-01 1.748710430244153069e-01 -8.674648317611488579e-01
-4.920634925331859866e-01 7.119397387696016488e-02 -8.676433238374221535e-01
-4.478552296962804991e-01 -3.147595074866032516e-01 -8.368704473695333101e-01
3.245952921035690220e-01 -5.020192847429906235e-01 -8.016324183129913683e-01
-1.120932404233653951e-01 4.826312352183371179e-01 -8.686208587427611816e-01
4.319050972589639770e-01 2.475304048423503933e-01 -8.672869684483371922e-01
4.591083949042583101e-01 -3.660988146353999495e-01 -8.094387806690451770e-01
4.078852318669461963e-01 2.839914256882328236e-01 -8.677433421008843295e-01
-3.958460289863645620e-01 3.050803516969545215e-01 -8.661592811626444011e-01
-4.707955404814019307e-01 1.834249679379728881e-01 -8.629639854592880965e-01
-4.952793687648474608e-01 7.466369573890484224e-02 -8.655193119824089454e-01
1.824697499483547702e-01 -6.136507595605900089e-01 -7.682040976488576645e-01
3.589623047893785723e-01 -5.164715426994852532e-01 -7.774337330743443797e-01
4.974905164518738515e-02 5.011111947873734263e-01 -8.639517361051920474e-01
4.094056663662627438e-01 2.906883442246403493e-01 -8.648047680714610053e-01
2.965811677592423146e-01 3.882786612151700734e-01 -8.725132045851909934e-01
2.401436637389557927e-01 4.409239121361360203e-01 -8.648220189568466276e-01
2.066008673409063245e-01 4.663750613532326450e-01 -8.601223074433971272e-01
-4.622084542187663292e-01 -3.411292250609878618e-01 -8.185317322242238181e-01
-2.611477289631550236e-01 4.336266849665405543e-01 -8.624208727427202792e-01
4.588720371418471555e-01 -2.264395985581041104e-01 -8.591632916588883839e-01
5.721483683338676185e-01 -1.902462842895825124e-01 -7.977797916260478406e-01
5.412428648916183249e-01 -1.493981428208826789e-01 -8.274879794447678183e-01
4.205162598888120828e-01 2.559110159367807835e-01 -8.704456485567204638e-01
4.583435959142985183e-01 2.225956908559576786e-01 -8.604488982482975112e-01
-3.107347113816831818e-01 3.912829769187570195e-01 -8.662225875120883600e-01
-9.154655432846367513e-02 5.051660526550152408e-01 -8.581529511896675011e-01
-2.032618837822187108e-01 -5.806129838459211934e-01 -7.883991182078020632e-01
-1.024265240400631521e-01 -5.964294681428813361e-01 -7.961034459816576092e-01
5.336187831776807444e-01 -9.100070198077075956e-02 -8.408150013403533629e-01
5.117894030545478978e-01 1.162232720659182594e-01 -8.512131095979202922e-01
-5.175715519461229208e-01 2.988443681060415705e-02 -8.551178919029789327e-01
5.227497926969406628e-01 -4.298478405067627794e-01 -7.361816951316965119e-01
1.457893754851703749e-01 4.803724564859693791e-01 -8.648628567844033332e-01
-5.239488703348663678e-01 -1.879055273834947248e-01 -8.307641627161994613e-01
-4.291831728266287116e-01 -4.130605201073188071e-01 -8.032327252366773251e-01
4.123491558121771261e-01 2.703626900992423532e-01 -8.699840168090940962e-01
4.197525894924099554e-01 2.708186315406254097e-01 -8.662938487746979499e-01
-4.750252365329801219e-01 1.985945240059880379e-01 -8.572696423480895556e-01
4.442667028718328970e-01 -4.970397108362020200e-01 -7.453714661638553007e-01
-2.608457822071145737e-01 -5.138494941780659131e-01 -8.172626109383106519e-01
5.510590947174333065e-01 -2.339697586284302799e-01 -8.009943983428079450e-01
4.609647198339814761e-02 -6.335805673846620634e-01 -7.723022594186900180e-01
5.185605278086669045e-01 3.472019290352213600e-02 -8.543356993615208728e-01
5.316199853427908684e-01 2.042644526649202777e-02 -8.467366482666885963e-01
4.678512925562981484e-01 1.854536546716430978e-01 -8.641308408003571806e-01
5.223953002463098683e-01 7.208101188745549837e-02 -8.496513861613175234e-01
1.129383739677480847e-01 -6.855602944178021962e-01 -7.192023403766825140e-01
-9.633472492211343774e-02 4.915917385555134134e-01 -8.654808971653553673e-01
-2.272145452741757277e-01 4.493188818448595745e-01 -8.639942666670505922e-01
-4.190061985972753922e-01 2.951230224898043208e-01 -8.586828326766193786e-01
-3.851675801489037876e-01 -4.790149206145016825e-01 -7.887906192589517751e-01
-2.795111841159216848e-01 4.277860627827023698e-01 -8.595769787767638670e-01
-5.412065333952557067e-01 2.600618800973843875e-02 -8.404874576074840009e-01
-5.400766242126268102e-01 -7.594000736957060016e-02 -8.381827696032665420e-01
5.505672141408801679e-02 4.928099748226518750e-01 -8.683933936542980181e-01
-5.167654032535126118e-01 -2.176263266741272073e-01 -8.280050120250241896e-01
5.065499844183406486e-01 1.351363216793887989e-01 -8.515546299849139356e-01
3.157127723382774920e-01 3.959862442070176680e-01 -8.622762549098166307e-01
6.003696343392463941e-01 -2.706688374601335934e-01 -7.525255361722545944e-01
2.977457628829878467e-02 -6.219949954251998703e-01 -7.824549190035536839e-01
1.256541105403202463e-01 -7.688829963800927203e-01 -6.269210336094103164e-01
5.787106917170069531e-01 -6.834697152834699752e-02 -8.126639076366850567e-01
-5.324538050967039249e-01 -6.785835596144802750e-02 -8.437346673950588682e-01
-4.985443453875682551e-01 1.086241670549400046e-01 -8.600315843117051218e-01
6.009029021771041812e-01 -1.670797778893929886e-01 -7.816649218018963952e-01
6.116544989387877607e-01 -1.030479289772223833e-01 -7.843850446441757995e-01
3.814454658497659079e-01 -6.068547799640102713e-01 -6.972995286227343659e-01
5.250066001308987262e-01 -3.288319350222781295e-02 -8.504626772552041913e-01
-6.961626694105028934e-02 5.027452701702445070e-01 -8.616268152156363325e-01
4.503041193587112301e-01 2.344706462854820039e-01 -8.615391553023251658e-01
3.267640710632161438e-01 3.778114137914011517e-01 -8.663046678110053467e-01
-4.087210105221870116e-01 3.023024393667143039e-01 -8.611389961618601818e-01
-4.777815819051156043e-01 2.005590618154207416e-01 -8.552782136334138308e-01
-3.238949860186693397e-01 -5.665738236577267939e-01 -7.576847236006736264e-01
2.679661253307697444e-01 4.273570451783884616e-01 -8.634582280641089902e-01
1.848682645468098795e-01 4.703568345339341761e-01 -8.628952271108398797e-01
7.444031747776547192e-02 4.990598430381097406e-01 -8.633642986599496805e-01
-5.010189249085400531e-01 -3.333357629999327276e-01 -7.986659539436643529e-01
-3.852418975557370673e-01 3.497838704118100273e-01 -8.539554580699095787e-01
3.834174101970168058e-01 3.242042026761438045e-01 -8.648021302731270232e-01
5.681642946352948309e-01 -5.431828559905920173e-01 -6.181761231716100813e-01
-4.482124359352862575e-01 -3.655150664090000556e-01 -8.157844988114086870e-01
-2.878464928723728500e-01 -6.309482909101113979e-01 -7.204503110823705647e-01
-1.121556995958614272e-01 -6.548167161250124657e-01 -7.474196728287377800e-01
6.859502235189897101e-01 -1.446309518894479951e-01 -7.131298469492077796e-01
6.440148948451642763e-01 5.748007969709130124e-03 -7.649913565668255977e-01
5.890211094492616706e-01 1.101014760592216452e-01 -8.005821616753283632e-01
3.077420394769934675e-01 3.851943441847111016e-01 -8.700115828807400975e-01
4.333563870990443379e-01 2.990956532771292253e-01 -8.501435360874012304e-01
-3.526537360492206785e-01 3.847471349956685382e-01 -8.529976462823044558e-01
-2.466107581522507808e-01 4.513695342185510828e-01 -8.575830441087908262e-01
-5.324714232854378393e-01 8.257847482440082432e-02 -8.424102200709912003e-01
-8.154893389215060739e-02 5.109457015778192668e-01 -8.557360933256255020e-01
1.267047951466393485e-01 4.867140816440617135e-01 -8.643236069992683568e-01
-5.663149850013867725e-01 -6.115405091975595515e-03 -8.241662087124417280e-01
-5.628070355590858442e-01 -1.631608347613166810e-01 -8.103251092772481012e-01
-4.492936045343289830e-01 -4.350010577043867399e-01 -7.803264295925229632e-01
5.230497178220411270e-01 2.054370102875941184e-01 -8.271726709039521896e-01
3.877966074873361313e-01 3.486080194540367994e-01 -8.532796962272376495e-01
6.939126155519796946e-01 -2.769557902611769484e-01 -6.646659102275498388e-01
-4.487767149216300155e-01 -4.873111655199132142e-01 -7.490842997311942808e-01
5.152189823621547982e-01 -6.752347306073206434e-01 -5.278327943538225764e-01
1.583547835583428154e-01 -7.289542591582841569e-01 -6.659950829992572485e-01
-6.237822616253650004e-02 -7.084323295609653570e-01 -7.030167788421831654e-01
-5.231208106608712383e-01 -1.966051215616054504e-01 -8.292713932297792745e-01
7.462672269935324287e-01 -5.403929402542544391e-01 -3.886652750616465535e-01
1.404798945313163738e-01 -7.829452398886111997e-01 -6.060215759923365253e-01
5.749649041516627923e-01 9.950426550880822618e-02 -8.121048332200848652e-01
5.917640588580334038e-01 1.449163099631132490e-01 -7.929782858001478418e-01
-3.167061806435252369e-01 -5.562028919797141757e-01 -7.683329604381118338e-01
4.254274004156383682e-01 2.995030578845604974e-01 -8.539961623411371772e-01
4.862805693788684325e-01 2.382554904101279181e-01 -8.406934810821319326e-01
3.617635053373649545e-01 3.488846255329194346e-01 -8.645268557267478116e-01
-8.092402781022221825e-02 5.081912783179461934e-01 -8.574339195323112950e-01
-5.215929054935156683e-01 1.377110366483006720e-01 -8.420074294945875115e-01
-3.991125878653469794e-01 3.386372125942423428e-01 -8.520762761947004993e-01
-2.464878941199837858e-01 4.804960335187667408e-01 -8.416455785097597397e-01
-5.635064691813086446e-01 -8.439821692691466815e-02 -8.217891458095393231e-01
-5.455627069922558414e-01 -2.708082035089208750e-01 -7.931104901913432759e-01
3.220794492515947627e-01 3.928666227732532934e-01 -8.613481555564670433e-01
2.956270814194309482e-01 -7.353982683454975966e-01 -6.097491415704271445e-01
-2.395831118555261929e-01 4.578954746707332712e-01 -8.561142837201621836e-01
7.873678181754345529e-01 -1.333679391116565638e-01 -6.018844670854742729e-01
6.607931073573944936e-01 9.455541540441086967e-02 -7.445883041565037885e-01
3.994340758979564310e-02 5.096971556413445459e-01 -8.594261653692180092e-01
7.270891497370367551e-01 -4.000251239889735660e-02 -6.853766609218970851e-01
-3.342073210268786121e-01 -6.317918520133902760e-01 -6.993886775617169649e-01
8.459628306791535657e-01 -7.056617515624734327e-02 -5.285520826116681947e-01
7.806688035355303923e-02 -9.401846017031209035e-01 -3.315998747168161231e-01
5.685930875935305551e-01 1.380545826197822901e-01 -8.109518068039144323e-01
4.910325688272314526e-01 2.230009185669590277e-01 -8.421149604829631929e-01
4.207451868919480642e-01 3.389629069340620027e-01 -8.414734906282371751e-01
2.314687027677619080e-01 4.439430022001392140e-01 -8.656424495347583292e-01
-4.880719940555120484e-01 2.387359952273635233e-01 -8.395182268429176586e-01
-4.862895836145729733e-01 2.752197307134890414e-01 -8.293229411356952685e-01
-4.035396176934936130e-01 -5.716588871948906636e-01 -7.143961741519114783e-01
-4.944109320020746434e-01 1.783003824988569630e-01 -8.507448524191029149e-01
1.784676306348304542e-01 4.903240775917924732e-01 -8.530718631799713014e-01
9.725127878069139697e-02 5.094071271042777127e-01 -8.550126125566139823e-01
-5.613091648316745896e-01 -3.416822792932897035e-01 -7.537806322086753053e-01
-3.757432933113253326e-01 3.728333344886524681e-01 -8.484175164537988145e-01
3.257004107540774074e-01 4.120040068318683857e-01 -8.509829262618087142e-01
1.566245155923048360e-01 -8.704531511665892785e-01 -4.666691255478880862e-01
-3.416084066001770503e-01 -7.152162203647159933e-01 -6.097290010056091170e-01
-2.974209427214790646e-01 -6.346021396060427255e-01 -7.133168351007140862e-01
7.668262946861266194e-01 1.451168633924853901e-01 -6.252347796924547785e-01
6.776290870125233345e-01 2.088324145128073184e-01 -7.051296640216784262e-01
6.270975097423612254e-01 8.199148649066759220e-02 -7.746135226149746256e-01
8.625099751710838536e-01 -3.057164065596100766e-01 -4.032542888682718041e-01
1.806572090144265841e-01 -9.454971413070649700e-01 -2.709208899499737089e-01
-5.528482760424827669e-01 4.545255231465238077e-02 -8.320413746713192227e-01
-5.682611353337962967e-01 -2.705215289817263780e-01 -7.771083479325993082e-01
2.627040120627238129e-01 -8.804897975507249841e-01 -3.946192069010726611e-01
8.506402994642270343e-01 8.430452113015071691e-02 -5.189449186998810193e-01
8.487985291975550517e-01 -3.977954595418147221e-01 -3.482812501412955730e-01
7.805861254032624430e-01 -5.120156804321788213e-01 -3.585041754561514860e-01
9.192685778181012290e-01 6.085340882585470873e-02 -3.888986300703037857e-01
4.964223624389190181e-01 3.207762457838693737e-01 -8.066395962332677527e-01
-1.946044420462907446e-02 5.052649779309684730e-01 -8.627448018897456716e-01
4.138769814842101491e-01 4.041601563168685241e-01 -8.156962745062913411e-01
-2.281203457639980892e-01 4.792998135438887308e-01 -8.474861630642164245e-01
-5.413260435340894183e-01 1.522255577637453838e-01 -8.269180697960625270e-01
-5.573426412749546976e-01 1.090914064133454153e-01 -8.230845918029419117e-01
-1.279335950896081375e-01 5.127391451550415979e-01 -8.489591063609162047e-01
-6.104118417648852768e-01 -1.529055686019728244e-01 -7.771854801292340520e-01
3.338314082651598902e-01 4.401233427450554903e-01 -8.335754519097947624e-01
-5.683428472126784703e-01 -3.712373450522727381e-01 -7.342814458099332642e-01
-4.460809418524676051e-01 -7.381846890665824112e-01 -5.060584532874521368e-01
7.890065439882240628e-02 -9.488793673636840564e-01 -3.056184433684136503e-01
-3.580691962296803088e-01 -7.376015533604689534e-01 -5.724774224296134140e-01
2.731433584047017749e-01 4.552466935112225443e-01 -8.474332739552414839e-01
-5.860636335757195559e-01 -1.010213107246351050e-01 -8.039428538021227144e-01
-5.499240778460279255e-01 -4.204362124253619437e-01 -7.216764509713559095e-01
3.173871572027915366e-01 -9.175620185986343991e-01 -2.394688590776048454e-01
7.913887530231995537e-01 4.430311149739692422e-01 -4.212211684534704070e-01
3.246994579177930190e-02 9.994221356305195147e-01 -1.005472187633442253e-02
-4.429136783392762650e-02 -9.657673609794343861e-01 -2.556006244167226549e-01
9.776591642290598516e-01 1.003824654552375323e-01 -1.846778796392907762e-01
5.791701154704733678e-01 2.349190494155435904e-01 -7.806247610520794522e-01
-4.457552429134665206e-01 -7.792859188901590795e-01 -4.404721557995203152e-01
-4.753696932064688796e-01 -7.946373011988916435e-01 -3.775913324271751859e-01
-3.590057963577891753e-01 -8.486948388793303932e-01 -3.883708390714949998e-01
4.761893549529516156e-01 3.460684159368543344e-01 -8.083813145542444456e-01
5.724295299824045946e-01 2.235671079472237865e-01 -7.888866721197904663e-01
1.701048652441658759e-01 4.676161728789727245e-01 -8.674096204690645573e-01
-3.815360090115917924e-01 3.945179210877861609e-01 -8.359341384152688681e-01
-6.057254503279186908e-01 -8.683907652597819466e-05 -7.956737216246461131e-01
-6.057112855812476493e-01 -3.758230555147495239e-02 -7.947964574838943808e-01
-6.262139091368889021e-01 -1.908447876276500588e-01 -7.559328059019885249e-01
5.592376990646179546e-01 3.643012252520868577e-01 -7.446729572266875818e-01
-5.787189686350834306e-01 -4.286751762194940807e-01 -6.937737013141467290e-01
-3.834900677567379401e-01 3.776645714602235859e-01 -8.427958468073381004e-01
6.729745390999607446e-01 3.672898333207423316e-01 -6.420307220549626992e-01
-7.592297897297570208e-02 5.290623998116924520e-01 -8.451796722409751217e-01
7.203227810854224700e-01 3.283361143473848553e-01 -6.110077635060160439e-01
-4.800882847382511032e-01 -5.685529537393768651e-01 -6.680290245575516428e-01
-5.364368165717210424e-01 -5.984644640494162227e-01 -5.950427103128335116e-01
3.144682168633717301e-01 4.242678007410737306e-01 -8.491799419658380144e-01
3.857505261719569867e-01 4.204674118728245480e-01 -8.212208516051130447e-01
-5.032116762651801523e-01 2.743121682986990884e-01 -8.194698549633498974e-01
8.454922642313035253e-01 2.854570204963288726e-01 -4.512838580919796838e-01
-7.615703658086309114e-01 6.477900369765076105e-01 -1.945882617433218262e-02
8.648143650209350053e-01 4.181812149672339829e-01 -2.778859217412156801e-01
8.975007937171618488e-01 3.952858845602565951e-01 -1.955540711529168973e-01
7.461869792600202798e-03 9.999683565921215767e-01 -2.757954613433503607e-03
2.605170518158060888e-01 4.770802667549811082e-01 -8.393600447878112325e-01
-5.301046682807702970e-01 -6.875221774472529690e-01 -4.962885211095683369e-01
-8.658868737086167222e-02 -9.788144357140211582e-01 -1.855389437752452408e-01
4.377630696757016660e-01 3.522331025524047532e-01 -8.272214554122818697e-01
2.565084868453638700e-01 4.669737367761085389e-01 -8.462499189587315840e-01
5.862908766500277702e-01 3.639390405519203342e-01 -7.237481486809410614e-01
1.753303719725897436e-01 4.968928302504027061e-01 -8.499157463594245732e-01
-2.877851392132293462e-01 4.679863613378159592e-01 -8.355647666397940654e-01
-5.297428077210430963e-01 1.695595398510576501e-01 -8.310367742244163525e-01
2.039081873002505929e-02 5.482113826143636404e-01 -8.360911998601390227e-01
-6.354575005822060696e-01 -2.436342019411399940e-01 -7.326910266942808780e-01
-5.215450464850138745e-01 -5.040628107216351683e-01 -6.884122655315996209e-01
-1.929845216652657514e-01 4.942650085386147141e-01 -8.476196527523129909e-01
6.800585681403247262e-01 4.510575472728943214e-01 -5.779856684616773155e-01
6.216096378316274818e-01 4.704085349981549924e-01 -6.263523516006965774e-01
-4.853257297755609878e-01 2.827216444753654079e-01 -8.273617151904988365e-01
-6.183881170877792988e-01 -1.033518185301189329e-01 -7.790471989880640713e-01
-4.835944036125546797e-01 -7.076872227075002852e-01 -5.150876115877398576e-01
-3.998536993947599538e-01 -8.806051216391371783e-01 -2.542668653663811562e-01
-7.209208285021616314e-02 -9.673208409800283514e-01 -2.430907694586701140e-01
4.808756366650607239e-01 4.622573955375194332e-01 -7.450347121663807304e-01
1.518448453766513273e-02 5.265199405505573971e-01 -8.500271664082054146e-01
3.901505874024364107e-01 4.860039105765414646e-01 -7.820375426115059314e-01
1.205740221184017080e-01 5.128728196628514757e-01 -8.499549258879952607e-01
-3.573649367481858685e-01 4.394568112992913167e-01 -8.241165044977706300e-01
-1.962486723879739714e-01 5.199455509185446633e-01 -8.313501564719698589e-01
-6.032894639450113727e-01 1.437471093504989750e-01 -7.844607008934970649e-01
-5.905659246418283326e-01 1.596330926811842521e-01 -7.910430862936498331e-01
-6.604687208557915579e-01 -2.892895929294923146e-02 -7.502960642875193820e-01
2.733664559441028596e-01 5.215428929428194138e-01 -8.082473579204546565e-01
5.820718183940785107e-01 4.185730392712168069e-01 -6.971291193363445826e-01
-6.854209583038382014e-01 -2.990009948326357025e-01 -6.639250823752197439e-01
7.183794031676218328e-01 4.601796808392205618e-01 -5.216950205313872768e-01
-1.612026120968106102e-01 5.527670611822298463e-01 -8.175954341391138414e-01
-2.250020245082621703e-02 5.326655163142838267e-01 -8.460267068002695900e-01
1.971078930696785192e-01 5.310591060157652255e-01 -8.240902283168807241e-01
-6.320257732023991659e-01 -2.022598438922467989e-01 -7.480871456966717847e-01
6.340091901485221948e-01 6.645577283470402996e-01 -3.954685480558932098e-01
7.730147614973451597e-01 5.927788387437783468e-01 -2.259677562060131983e-01
6.047700559006617960e-01 6.423194313385645060e-01 -4.708279171956708531e-01
-5.420260242401244710e-01 -5.837914646381974215e-01 -6.044793750509874775e-01
-6.623849002229817984e-01 -6.233711086041653360e-01 -4.155173942378397878e-01
-6.933508297033282863e-01 -5.847888419050647490e-01 -4.210541976195456004e-01
-7.450939917424567183e-01 -6.254761240263274624e-01 -2.315481844936256306e-01
-6.808199547351022618e-01 -6.686186574377350755e-01 -2.990539753299630843e-01
-6.124338528230840462e-01 -7.672753147491520043e-01 -1.902981011278426227e-01
-7.016147020537891743e-01 -4.701928368622138588e-01 -5.354021909045909577e-01
7.469400723225750882e-01 6.262255919967174567e-01 -2.234323975772253279e-01
3.168096532532870269e-01 5.485043888807301649e-01 -7.738052590827415589e-01
4.286896615096953966e-01 5.190553254282805895e-01 -7.394638214674498222e-01
4.393160751114211227e-01 5.210332058068558592e-01 -7.317962726027831266e-01
-6.596890237850383532e-01 5.200399561729006359e-02 -7.497372715407576438e-01
-7.175774668749831386e-01 -1.194517578936538788e-01 -6.861587692140925787e-01
4.478793733792132969e-01 5.894795025992133342e-01 -6.722484532647339250e-01
-6.802421242486462738e-01 -3.310178392367968958e-01 -6.539861179755204201e-01
5.004148435724318222e-01 6.114568456516734640e-01 -6.129482117096713978e-01
3.896679869029237020e-01 7.153852398790653266e-01 -5.799851882127635694e-01
4.872545718948705917e-01 6.978141734467756541e-01 -5.250127250880113339e-01
1.071001933397348338e-01 5.451218505497769096e-01 -8.314876527283963092e-01
1.924312981951097901e-01 5.504617145113785970e-01 -8.123805120337010965e-01
2.439094789121709628e-01 5.383669271183488814e-01 -8.066406993711262574e-01
-5.883692559637886399e-01 1.501478521754364415e-01 -7.945295722147294182e-01
-7.080881678492062514e-01 -8.724349979614633155e-02 -7.007137206415142705e-01
2.764375722415767234e-01 9.077877358632902016e-01 -3.154420632531182989e-01
3.467565067966899006e-01 9.032269763672589047e-01 -2.528654862898778721e-01
-7.357248443886963418e-01 -5.217578104024822583e-01 -4.318306851455048223e-01
-7.010380246927059300e-01 -4.155530070929797093e-01 -5.795354917784854010e-01
6.063020850516854798e-01 7.178518645771752027e-01 -3.421790206676202373e-01
-4.239071406332333147e-01 4.156206218877055436e-01 -8.047125168542074158e-01
3.385870683671187154e-01 9.142641346009741099e-01 -2.224407546221959520e-01
3.711116881561475345e-01 4.996508017085160569e-01 -7.827037698043439740e-01
8.062944206520099300e-02 5.691150522230621345e-01 -8.182951487118786948e-01
-4.737138919217477873e-01 3.112547968200259918e-01 -8.238419751729544327e-01
-5.663122992069774542e-01 2.643149858120893425e-01 -7.806586757617325345e-01
-3.098793970129070652e-01 5.155091077447221393e-01 -7.988899293013760339e-01
4.228629924527447237e-01 5.672367153128407002e-01 -7.067031897586207867e-01
-3.421627693088640787e-01 4.406283148355547574e-01 -8.299224828043088031e-01
-1.625619967862609316e-01 5.637747631084119027e-01 -8.097725691099432188e-01
-2.738891760090650385e-01 9.232116997978550010e-01 -2.695642346852243354e-01
4.238034436456067922e-01 6.729768864329918054e-01 -6.062118041419854997e-01
-7.366892939101056248e-01 -3.548272379646950636e-01 -5.756618064771847898e-01
-9.188276843862505094e-01 -2.898601371848892883e-01 -2.678372402720690104e-01
-8.147394472160274237e-01 -5.023583298549706422e-01 -2.895440235533218165e-01
-6.615736017403424096e-01 1.248620159289247494e-01 -7.394118246677393591e-01
2.180239220280127607e-02 5.873026122156608242e-01 -8.090737280241500073e-01
-4.931944107891204077e-01 3.564267997167480662e-01 -7.935484922864194379e-01
2.921419197457425510e-01 6.069706953923553749e-01 -7.390802890499738043e-01
-1.344825442537977978e-01 5.400988553868599773e-01 -8.307873805618553043e-01
-1.378716804880410762e-01 5.604813492051505808e-01 -8.166101009126556232e-01
2.031231330066549101e-01 6.355694939678514510e-01 -7.448438837602211482e-01
-3.339042371885158622e-01 4.935444289666831574e-01 -8.030702690446870351e-01
-6.496694852618047911e-01 1.135726791140436592e-01 -7.516853108040092435e-01
1.510130325042734201e-01 5.652256033336402474e-01 -8.109963510090447691e-01
-7.481951354705963508e-01 -1.320477017216958593e-01 -6.502056933987536702e-01
7.051092073975451235e-02 6.006814670827141933e-01 -7.963730188547261113e-01
-7.355795989885387520e-01 -1.515704818722254099e-01 -6.602643732452038172e-01
-5.811730785157674939e-01 7.719694420727335471e-01 -2.574898703141890732e-01
1.332606047446323050e-01 9.763037284677436034e-01 -1.705070115950580723e-01
-8.510549535957322442e-01 -1.823281933351987294e-01 -4.924041996929844900e-01
-8.309282117408183232e-01 -5.016023489125766011e-01 -2.407351044168496157e-01
-7.811146224204061905e-01 -1.366916380190315861e-01 -6.092416127750140964e-01
-8.144588449339942304e-01 -3.422655862230139512e-01 -4.685200725648801523e-01
2.564208501156352016e-01 8.622121189405786978e-01 -4.368507863996269336e-01
-5.711935594198481736e-01 7.705086350600987011e-01 -2.829387936906288536e-01
2.422337808898857581e-01 6.583194484850730666e-01 -7.126979017382470971e-01
1.084299069444034647e-01 6.618123445691028728e-01 -7.417866107284325494e-01
1.780542521952984125e-01 7.382588836724671699e-01 -6.505924253738708529e-01
2.349490859485829919e-01 8.499065201176537743e-01 -4.716543586922796738e-01
-5.162104452226207174e-01 3.339272439224273414e-01 -7.886820474750489973e-01
-6.108085850647076986e-01 2.515677857185971700e-01 -7.507506387608949838e-01
-7.061199832606328552e-01 9.793748835720902934e-02 -7.012865445837992429e-01
2.107841916149009176e-01 7.708668399033932195e-01 -6.011109212970674465e-01
2.784728334655080517e-01 7.991920083544105102e-01 -5.326772144593152625e-01
-9.556239932348313815e-01 1.302172367671995956e-01 -2.642465795476456325e-01
-9.499567916639084508e-01 7.958374811323594422e-02 -3.020737012847405922e-01
-2.168229830523168700e-01 9.069676573650631290e-01 -3.611058882295110628e-01
-6.625397618554127455e-01 7.224424349527465150e-01 -1.977826891821415634e-01
-9.067807577665091268e-01 -1.445971066143899031e-01 -3.960307236858554569e-01
-8.342159120490277857e-01 -3.501927687720846616e-01 -4.259681170979230935e-01
-8.184443708561202069e-01 -1.705126886619486581e-01 -5.487023189482646002e-01
-9.705953083070226750e-01 1.367213048134613140e-01 -1.981212565640046996e-01
2.504095298072304132e-01 7.234253719530362448e-01 -6.433900827618754814e-01
-4.692233728290417516e-01 4.461006267864247588e-01 -7.621178761659492817e-01
-1.756409059603535605e-01 8.676364960983306007e-01 -4.651421103185969796e-01
2.515211644124465962e-01 6.811044322892501057e-01 -6.876291559907456996e-01
-7.075084254760326263e-02 6.176818770967918981e-01 -7.832390548133997266e-01
-8.929142898975053200e-01 3.882677316441158211e-01 -2.279303390528930884e-01
1.597413062173776988e-01 6.316837021458483470e-01 -7.585897544333702891e-01
1.203261843053899383e-01 8.376830820784997300e-01 -5.327369551382472590e-01
-3.173983932834859578e-01 5.530983073838446895e-01 -7.702860003337640427e-01
-7.327696300538155683e-01 1.192007863461620465e-01 -6.699551043206184442e-01
-1.171602344950924690e-01 6.246111198280552834e-01 -7.720974215992419953e-01
8.147822236473352409e-02 6.386274342499645984e-01 -7.651903681461171836e-01
-5.818671635343074522e-01 7.837288608562384962e-01 -2.172548656797409494e-01
-7.947593467179088211e-01 -4.179165090051280285e-02 -6.054841358116103134e-01
-9.248901113011207542e-01 4.730283082296699027e-03 -3.802050847100309494e-01
-1.169154434928600939e-01 9.494204437108618722e-01 -2.914302663361135193e-01
-6.234991246584948854e-01 3.124862068837492846e-01 -7.166597603169144737e-01
-8.285715600233264921e-02 6.041467099774207039e-01 -7.925537486648229768e-01
-3.489842835523369602e-01 4.811566943828066156e-01 -8.041754816481738732e-01
-2.926054327906251751e-01 5.586436884669291336e-01 -7.760794353914267640e-01
9.677251106082640497e-02 7.040654529793852756e-01 -7.035104256682448431e-01
-4.756317610172365873e-01 4.225817283032645144e-01 -7.714914846036010632e-01
-6.414007319889716840e-02 6.782110603332287546e-01 -7.320627081416711812e-01
-7.124312418502715127e-01 5.422749696878060854e-01 -4.453982295494324783e-01
-7.840748076340037231e-01 4.740062147743503429e-01 -4.006804267605202918e-01
-4.239717444771013422e-01 7.958037988871285995e-01 -4.323705280911939730e-01
-8.799762339604410011e-01 4.890424958597752031e-02 -4.724935999960543920e-01
-8.070236896759289680e-01 9.960133779602996229e-02 -5.820587064988298476e-01
-8.432199329133602816e-01 2.450056413749829298e-01 -4.784896868606692277e-01
-5.782328599860168256e-03 9.248094000897526534e-01 -3.803868270347897096e-01
3.551256836502093839e-02 7.060779370409175915e-01 -7.072431012828346297e-01
-2.171924534954885744e-01 8.676362499407688222e-01 -4.472524744854182166e-01
-6.607689962791846172e-02 7.364841729015830785e-01 -6.732198054135313248e-01
-5.661279104923047645e-02 8.366334466388231084e-01 -5.448297604342658973e-01
-5.477030391663981757e-01 3.926188441000901808e-01 -7.388313908771066973e-01
-6.335269297250407661e-01 3.183504326260521711e-01 -7.051926200407719891e-01
-9.603266316825762039e-02 8.556880434841278582e-01 -5.085033921648086652e-01
-7.585140879909204603e-01 1.607246340033532117e-01 -6.315251145788187692e-01
-6.857395866804919526e-01 2.299683171021282835e-01 -6.905619395742014222e-01
-8.940618782388127378e-03 7.922445426757419584e-01 -6.101382219926009265e-01
-1.105541960799934498e-01 6.960033903312489167e-01 -7.094766031212822455e-01
-4.713382162471003722e-01 5.155251395824518301e-01 -7.155935413092373576e-01
-2.318641655157074877e-01 7.479980246681744438e-01 -6.218825965101562048e-01
-8.017460258863999822e-01 4.847475495454779959e-01 -3.496042379391565147e-01
-7.990142434979236041e-01 3.259356403878583830e-01 -5.053139588536985638e-01
-3.036047880585847070e-01 6.240469364283217635e-01 -7.199927456595155428e-01
-1.380100644814314936e-01 6.573465096740223057e-01 -7.408432953879056093e-01
-5.524315796609051699e-01 6.319733661007695957e-01 -5.435338207808412259e-01
-4.380805327648148451e-01 8.048312856798468529e-01 -4.004148453834109334e-01
-6.755676011718012575e-01 3.670553775603803137e-01 -6.394362877183190630e-01
-2.572996097555691475e-01 6.135165045320328803e-01 -7.465885141672271574e-01
-3.284664179735084510e-01 5.576795076816083441e-01 -7.623013701782591633e-01
-4.699168385689818095e-01 4.987016424154983030e-01 -7.283370350884390554e-01
-1.813590551337279089e-01 7.196642182921600961e-01 -6.702181033297559543e-01
-7.911817314393742029e-01 3.161801687575359066e-01 -5.235089003264892238e-01
-7.230032533847324805e-01 3.172166750976663230e-01 -6.137099287408294135e-01
-3.045897718668258425e-01 7.821706066630714771e-01 -5.435386029956269516e-01
-5.516542432868164481e-01 4.930343406471558443e-01 -6.727516144954794886e-01
-6.527706978978483621e-01 4.366538259474207484e-01 -6.190507671035031523e-01
-5.757540582364587545e-01 6.041677826235066773e-01 -5.508979532218680752e-01
-2.986495853005708412e-01 7.578568371812073323e-01 -5.800529627003848665e-01
-6.169747139250120194e-01 6.057520847923471008e-01 -5.024008500658361243e-01
-2.630307262772147991e-01 6.990420302124726870e-01 -6.649474242603735652e-01
-3.619172432145737472e-01 6.548054785867387650e-01 -6.635101312540412355e-01
-5.055576160643466821e-01 5.407725283711617426e-01 -6.722920268740331107e-01
-4.100887274079361156e-01 6.532843064522833032e-01 -6.364329113080957612e-01
-6.718385705760233639e-01 4.477894890582797549e-01 -5.900148375890986729e-01
