-1.845977937516335432e-01 -8.559622479390495142e-01 4.829619908907520354e-01
-2.161543380297553940e-01 -8.392123464009186851e-01 4.989989376734009219e-01
1.231734129880953793e-01 -8.657743188965223435e-01 4.850393170374199814e-01
8.659229969925991144e-03 -8.921302373072697023e-01 4.516953148067871515e-01
9.863053910082934805e-02 -8.662432416322256579e-01 4.897904277169709553e-01
-2.196298321195895020e-01 -8.406939591242206244e-01 4.949711142432094979e-01
4.865402779717709070e-02 -8.660583460183731708e-01 4.975698211015530670e-01
-2.892096342435642176e-01 -8.220272678461466587e-01 4.905394564946873315e-01
-4.372866218137995142e-01 -7.512956416178360186e-01 4.943028113097468479e-01
-3.645206256801648836e-02 -8.923667903065429785e-01 4.498363687970722835e-01
1.054334414988519208e-01 -8.593951146293428156e-01 5.003237215692725171e-01
2.977893824868695360e-01 -8.140633592613664149e-01 4.986204275660883201e-01
3.423448317841881750e-01 -7.940812687747523801e-01 5.022299819124056430e-01
3.326282401994112847e-02 -8.654443306735641883e-01 4.998996849801018993e-01
-2.199665624962638399e-01 -8.420976184313920809e-01 4.924289922575182388e-01
2.490034575808346140e-02 -8.660461793910790851e-01 4.993435570258643597e-01
-2.775518932949923023e-01 -8.175037773892073201e-01 5.046310736396860674e-01
4.174153603772172705e-01 -7.741880828248743907e-01 4.758121786305003487e-01
3.320940029079854638e-01 -8.010037972966852493e-01 4.981028909260032944e-01
-5.256281687254030777e-01 -6.997717740933951935e-01 4.837711157402451168e-01
-3.944283400394846817e-01 -7.814828591244348255e-01 4.834364751116690950e-01
4.742507055559643248e-01 -7.313522573693943540e-01 4.901123788687256622e-01
-5.271850100080806012e-01 -6.892615575470930622e-01 4.969853825924214208e-01
-2.731192345719943293e-01 -8.244170233618632881e-01 4.957241725980015001e-01
5.694303207435273961e-01 -6.618510189517224918e-01 4.875472679961299072e-01
3.650226884736874622e-01 -7.916804376381805231e-01 4.898984808717621875e-01
2.538814999600607636e-01 -8.230781255208707847e-01 5.080222271388126210e-01
4.287973671187948581e-03 -8.661032742453874667e-01 4.998467081248155752e-01
-4.323117311776302207e-01 -7.424728476560411572e-01 5.117036618783665780e-01
-3.291383164642679993e-01 -8.025770742947517800e-01 4.975319170179375305e-01
5.507809860782256761e-01 -6.719484482504068934e-01 4.951015938861111354e-01
-6.219255158571943554e-01 -6.109226960535362183e-01 4.898796915288910481e-01
-6.680480145338099085e-01 -5.518014846269614360e-01 4.992263733427106942e-01
5.925002652099324862e-01 -6.327594311610262867e-01 4.985568553364144728e-01
6.965978707519273616e-01 -5.261492803132614693e-01 4.877687375075593357e-01
7.422235859691084237e-01 -4.581933309291597589e-01 4.890429632692809836e-01
3.158058092191056709e-01 -8.033264159232160750e-01 5.049092595144457629e-01
-1.170604714790104105e-02 -8.699754462619454509e-01 4.929560744746938061e-01
-2.512518872781681067e-01 -8.327284096692465498e-01 4.933922221406477626e-01
3.694011914310195710e-01 -7.815842563291156564e-01 5.026617252465184205e-01
-2.770494444179218488e-02 -8.657633979817666026e-01 4.996860762204030082e-01
-6.004415058149169537e-01 -6.360744210321913616e-01 4.846435071300117525e-01
-6.420089164284019656e-01 -5.835234335795366212e-01 4.973177592746688136e-01
6.949598982334224129e-01 -5.170510975191757730e-01 4.996888055596274691e-01
7.477908959356902585e-01 -4.445330262182650150e-01 4.931522731945268689e-01
-7.502744281585973507e-01 -4.433875229238508076e-01 4.904036979537790275e-01
8.476012209954371102e-01 -2.225192023823799881e-01 4.817233383781125422e-01
-5.623848565273359412e-01 -6.565158510467073993e-01 5.027029047789014493e-01
-3.792580419817246917e-01 -7.812956078407866656e-01 4.957222112845903750e-01
-7.698423427597763657e-01 -3.975552689059447808e-01 4.992920743004650164e-01
-7.330491132246075292e-01 -4.587786227879861456e-01 5.021565222850095100e-01
-3.959290014357448872e-01 -7.638149603074355642e-01 5.097322162004720436e-01
8.092417083926811694e-01 -3.155381846746658225e-01 4.955436523757635880e-01
-7.466543975787405252e-01 -4.461685830332495772e-01 4.933972092446716751e-01
8.227056936999656012e-01 -2.771623724625219554e-01 4.963228393340413103e-01
1.771896027447990019e-01 -8.459315821809259006e-01 5.029946351085822220e-01
-6.046989188102349644e-01 -6.104996237892226230e-01 5.114972404059972000e-01
-4.958293255210459161e-01 -7.136013450086071686e-01 4.949003943777492420e-01
4.335319344381064477e-01 -7.553743946760255179e-01 4.913853739074672822e-01
-4.828067761791327017e-02 -8.670884491797297144e-01 4.958090332656782118e-01
-7.472234157113938346e-01 -4.213206303412180276e-01 5.139514504906821379e-01
5.861890341714532937e-01 -6.358464414900180106e-01 5.020774034564988719e-01
6.115728605291649300e-01 -6.064000096522590422e-01 5.081905789739862289e-01
7.345345371556014635e-01 -4.650278189891288716e-01 4.941742013620505358e-01
-6.139196447048130834e-01 -6.073444571160152572e-01 5.042175921722374943e-01
-8.264216433607708412e-01 -2.772895395734951696e-01 4.900385481041283908e-01
-8.263997129443284573e-01 -2.701683832546963870e-01 4.940370017873916830e-01
8.704047753691235290e-01 -8.319116188297337455e-02 4.852574137498432694e-01
8.559921430286354660e-01 -1.375927308308146912e-01 4.983429456666996771e-01
-8.641498876089368508e-01 -1.604148217463954862e-01 4.769822394068084503e-01
3.209220500216150018e-01 -8.013931743539811636e-01 5.047554040411788012e-01
2.589716100050454828e-01 -8.220442280781872224e-01 5.071262094338369053e-01
5.404070789494815896e-01 -6.756009253637872414e-01 5.015212644234373629e-01
-6.842502742293375684e-02 -8.601323773066255063e-01 5.054604921564334052e-01
-3.230666182895881589e-01 -7.990679132123230666e-01 5.070684669957626900e-01
7.634614716024376024e-01 -4.015212817364670617e-01 5.058727524697738120e-01
-8.526511280685373784e-01 -1.639606810013713167e-01 4.960876423466092366e-01
8.606262775939785836e-01 -1.025439119499235996e-01 4.988057301562786039e-01
-7.183765477072713290e-01 -4.797046187006019369e-01 5.038041429975469443e-01
-4.927268751594075791e-02 -8.677108068738121904e-01 4.946212266971105609e-01
-6.827373954383750831e-01 -5.369362956880939786e-01 4.955492541037386234e-01
-8.450258592033309535e-01 -2.201226786520923684e-01 4.873164306902650345e-01
-8.653833358703498790e-01 -2.885266253805101808e-02 5.002791279499581023e-01
8.643087714920610898e-01 8.344956220384211476e-02 4.959904415307531123e-01
-8.543602089573144598e-01 -1.317555541723793300e-01 5.027018075312077450e-01
-8.672963339741158739e-01 1.189197279095121074e-01 4.833789066446596561e-01
-8.656174374847550590e-01 7.035468215562112881e-02 4.957385103268736048e-01
-8.356595377572023642e-01 2.324398005562515745e-01 4.976393031833287184e-01
-6.349057609077451980e-01 6.041520281215448929e-01 4.815547753711735268e-01
-7.600145375867509712e-01 4.252503883666944318e-01 4.914672011953318265e-01
-7.680246618504913414e-01 4.015012604411731800e-01 4.989337196999091284e-01
-6.602259985330917180e-01 5.667414926240881279e-01 4.928546554504711352e-01
-4.719178884909359106e-01 7.296753284077773793e-01 4.948408043353528241e-01
-8.020930524316602916e-01 -3.296402369626282303e-01 4.979799688904003596e-01
-5.715383607352533257e-01 -6.712572951768821516e-01 4.719719757357165868e-01
-7.869092117078808624e-01 -3.725939345874682562e-01 4.918817463963378600e-01
8.121157694975403851e-01 -3.041485806003053627e-01 4.979574458246784907e-01
8.397319720563222178e-01 -2.173056569901001545e-01 4.976228155405472142e-01
8.656976535159452979e-01 6.497597608840946504e-02 4.963322427853594232e-01
-6.967587148796045016e-01 -5.210394872689755319e-01 4.929960912074305979e-01
6.820853628890938269e-01 -5.478035731945029019e-01 4.844283258933030911e-01
-8.731946908449390587e-01 1.433992491835950345e-02 4.871605468770507374e-01
-8.155363413217598945e-01 2.977951423133774478e-01 4.962041204968712926e-01
-7.060067546392916338e-01 5.036058076189470212e-01 4.979313737214829949e-01
-4.322979845243941632e-01 7.490429235970048616e-01 5.020489529770960635e-01
8.482348087674907999e-01 1.964753641224363245e-01 4.918283648673938968e-01
8.390854297090991620e-01 -2.245714722437286426e-01 4.954828912325638934e-01
-3.869741273462321551e-01 -7.860662531142785792e-01 4.820278731354659674e-01
8.177123800697841949e-01 2.932396976327815707e-01 4.953351826923300671e-01
-5.222699995192268130e-01 6.961194300733792861e-01 4.925969820010070999e-01
-8.234491118209159577e-01 2.729823667011396782e-01 4.974054560532978897e-01
3.748204144934034199e-01 -7.888035777220415712e-01 4.871330133052991229e-01
-4.139321968293702136e-01 -7.692384140172418006e-01 4.867570223717885280e-01
-6.314069555814322277e-01 -5.902263146788641057e-01 5.029494546214300366e-01
-6.329856271997905681e-01 -5.914922676898852760e-01 4.994658076601090624e-01
1.231019724931018688e-01 -8.593161157138323736e-01 4.964088210767404474e-01
5.354914136322488361e-01 -6.794459349434336382e-01 5.015996086670915233e-01
6.996620248339926462e-01 -5.049174115076618952e-01 5.055011954106536365e-01
-1.134568527205250532e-01 -8.638954149466001597e-01 4.907262522068638888e-01
-8.646465283259683332e-01 -1.515211423414076358e-02 5.021521626838684194e-01
4.902962287016581211e-01 -7.218001159739964034e-01 4.884815254447774091e-01
8.447736807297665518e-01 1.921016053460884165e-01 4.994541035668222939e-01
-8.419031069462004080e-01 -2.065913640438040433e-01 4.985169674312552313e-01
-4.551778485829512388e-01 7.349017897703832292e-01 5.027250596018497664e-01
-5.002301900579287919e-01 7.105776598484436768e-01 4.948223380961272455e-01
8.691826838396278232e-01 1.705355507536392493e-02 4.941969631357856496e-01
-6.354800411484807787e-01 5.884112782068232628e-01 4.999372810472708095e-01
-6.679578346445448345e-01 5.584783548618311722e-01 4.918681309942671831e-01
8.205234442788763571e-01 -2.825796069389407417e-01 4.968803106694443805e-01
-8.382015599296839259e-01 2.377206862671950582e-01 4.908227992382772076e-01
-8.559764176336913666e-01 -1.225928208739548164e-01 5.022702188316153782e-01
-4.244252475017280535e-01 -7.624285118406759487e-01 4.884321586622949463e-01
7.595400841482548016e-01 4.393770845245772438e-01 4.796317735166684693e-01
-9.667339940030035550e-02 8.667172511033891524e-01 4.893418646387969750e-01
-3.677907140695026444e-01 7.887764877695094823e-01 4.925054750825032523e-01
-2.219327614814587402e-01 8.339424818915620596e-01 5.052581382597964854e-01
-1.955998429216218859e-01 8.425466677962607509e-01 5.018523827127400194e-01
2.559369580764769836e-01 -8.398662261199597578e-01 4.786658497465393070e-01
4.922986018251753193e-01 -7.292593560514371021e-01 4.752082472478993957e-01
6.719621797319591527e-01 -5.350611502451094736e-01 5.120316342846941149e-01
-8.673305547240822699e-01 6.920454462223078751e-02 4.928980014624178563e-01
8.665943390813024561e-01 6.013251060357188010e-02 4.953769601432346792e-01
-8.212856721996151244e-01 -2.802684161785792272e-01 4.969300348463323580e-01
2.450919909091607563e-01 -8.365126443650503507e-01 4.900780670562344676e-01
-1.225730683241574859e-01 -8.555387856220941778e-01 5.030201081645482297e-01
-8.132504098916468749e-01 -3.116245940304268602e-01 4.914406202242953547e-01
-8.558998771722803323e-01 6.279736666479146523e-02 5.133146121010421226e-01
-7.053423589482751277e-01 5.050642402733209746e-01 4.973954863792152681e-01
-3.331791080576699815e-01 8.101583876132623097e-01 4.823225776736712600e-01
7.801603877833690470e-01 3.902828039073861777e-01 4.889060260498861998e-01
8.646792722057460301e-01 -2.271394046962867119e-02 5.018105550166153117e-01
-1.292770218889608969e-01 -8.618344296307833829e-01 4.904374246675138327e-01
7.602670349714235609e-01 4.249385312767071099e-01 4.913463952978132654e-01
-7.349101772080435246e-01 -4.753035455920263108e-01 4.837288196745058722e-01
-8.468628289317556845e-01 2.019825643118054181e-01 4.919617797021753614e-01
-8.205344159744248911e-01 -2.839975813262392568e-01 4.960530677279957334e-01
-9.186884850167791050e-02 8.670022422321729261e-01 4.897624185657374896e-01
6.023818013528529081e-01 6.311252190076748203e-01 4.886891888832887720e-01
6.106632838981591593e-01 6.227181318462774451e-01 4.891957501538609643e-01
2.674759419796842175e-01 8.339302419599465832e-01 4.827183153835222229e-01
2.092579527125956740e-01 8.459026951748017664e-01 4.905708302809487775e-01
5.232979665924903934e-01 6.972644037765332037e-01 4.898791579423650844e-01
3.777393298451128811e-01 7.841292227457249409e-01 4.923965482457713927e-01
3.641081497969081426e-02 8.950032520109221235e-01 4.445710645581746334e-01
1.334178934772620728e-01 8.595757415952843816e-01 4.932841069414328206e-01
7.234560974303102521e-01 4.895588143224959277e-01 4.867683662791342236e-01
1.555155117844456147e-01 8.531020544556464635e-01 4.980279211831174502e-01
4.874928868995903053e-01 7.162436799788551856e-01 4.993452474116985007e-01
-8.629679058559104332e-01 -9.458827602030617232e-02 4.963259528799303100e-01
8.222436793568264068e-01 -2.619935178434264489e-01 5.052471953071832056e-01
8.259853631705218469e-01 2.743554672880675893e-01 4.924197979338437170e-01
-8.591843050294482032e-01 9.361937646355864007e-02 5.030285701047592095e-01
8.611991996261587623e-01 -7.928720515422410520e-02 5.020452944327788991e-01
-7.446413571386581998e-01 4.456755954886599813e-01 4.968727330257978747e-01
-4.609692651290647203e-01 7.321630317039626856e-01 5.014425506600255211e-01
-2.625068334221831168e-01 8.283499397301498091e-01 4.949005352146181314e-01
-6.650480760004825465e-01 -5.716686946022840887e-01 4.805267528658280773e-01
4.283647528090664958e-01 -7.606651894836451433e-01 4.877418457120916151e-01
-8.360839750964937922e-01 2.341173385699712450e-01 4.961377413256916613e-01
-5.151031368259040288e-01 6.909786802882862400e-01 5.071658720962723965e-01
-1.928998443785264194e-01 -8.596099248784195845e-01 4.731389088727095404e-01
-5.191593327276748937e-01 -7.068653934233445346e-01 4.804319960433690029e-01
-2.552849479577437575e-01 8.218305224624342653e-01 5.093370079773650305e-01
5.799352409766610483e-01 6.424260796915580718e-01 5.009629211882633548e-01
1.652586456744604693e-01 8.520145251182771329e-01 4.967502682609440390e-01
-8.683093642894097464e-01 -1.422860948423065874e-02 4.958189130715633941e-01
4.385450088124354107e-01 7.487056840073305075e-01 4.971097202638635748e-01
-2.389446490498906353e-02 8.637511078863913117e-01 5.033518433183055141e-01
-7.434334519583718492e-01 -4.481607913950412247e-01 4.964459764822650722e-01
-5.464525372773706424e-01 -6.752064714096182030e-01 4.954652818005478299e-01
6.462434252579035698e-01 -5.636721510246343048e-01 5.144347786359260155e-01
8.103851428009563040e-01 -3.247983284447300556e-01 4.876289226112239805e-01
7.967434942012519006e-01 -3.558242250836329279e-01 4.884556533520846844e-01
1.848820649804864269e-01 -8.681886337959855426e-01 4.605074572642783859e-01
-7.936163013124563070e-01 -3.711580558791084394e-01 4.820942478884989724e-01
7.038870970584923947e-01 -5.072483124509693519e-01 4.972344558759097533e-01
5.843826009232221397e-01 -6.322036715069154766e-01 5.087391212314879008e-01
8.071987181328145189e-01 3.113083817777205775e-01 5.015150255771785304e-01
-7.513135911803990874e-01 4.288131541612988373e-01 5.016444622696941691e-01
8.624531396770337421e-01 1.333112627852202081e-01 4.882649783425360157e-01
-5.843121074056601971e-01 6.359671654682296227e-01 5.041082478847789261e-01
-4.878448810990078099e-01 7.048094613206051795e-01 5.150252374577902748e-01
8.666284220465747534e-01 -7.343786575132663086e-02 4.935200684622199074e-01
-8.565241666031419010e-01 1.460834418118977240e-01 4.950009899517203160e-01
-8.661806003744092486e-01 2.758307182042626232e-02 4.989692792988132952e-01
-8.329367806055727463e-01 -3.024281085588261808e-01 4.634151040567787150e-01
1.898590855849734138e-02 8.630091616021595691e-01 5.048313800339143675e-01
-8.617677176205114087e-01 -9.563829256521259869e-02 4.982065012244878410e-01
2.471548377133136742e-01 -8.441760761088503706e-01 4.756902760414281062e-01
-8.604162345988223271e-01 7.241081968214713172e-02 5.044210309173716711e-01
8.488958273477074101e-01 1.885407162950041293e-01 4.937897048447025261e-01
-8.299559554719209142e-01 2.624623648261449893e-01 4.922261868557564757e-01
-8.602656774176359322e-01 -1.033747177870038697e-01 4.992560785605252294e-01
-1.823082104647290591e-01 -8.648376720931342243e-01 4.677814845904834651e-01
-1.968316267132217134e-01 8.460257287126254910e-01 4.954773224696547018e-01
7.332582873657231826e-01 4.635393267255923933e-01 4.974571103002459749e-01
1.699834872321539236e-01 -8.581042810148575839e-01 4.845231232587056125e-01
7.190256139047455086e-01 4.858159685600678679e-01 4.969758658536116980e-01
-5.871845861847546644e-01 6.411064133041316504e-01 4.941627551397924645e-01
-7.604904529234387534e-01 4.114621411147780239e-01 5.023476659063379479e-01
-8.113660377247925437e-01 3.162888085348204981e-01 4.915755714255888864e-01
-5.161636497359527453e-01 -7.247821479707824421e-01 4.563616161270790395e-01
-2.328194330114904953e-01 -8.561654871997761429e-01 4.612762405979501379e-01
3.449413481293380629e-02 8.636447330919069243e-01 5.029194067304579852e-01
6.330959936469522376e-01 5.920137882988210087e-01 4.987074666497960385e-01
5.186919763475361655e-01 7.016286193863612297e-01 4.885446900035613216e-01
3.532720372871772097e-01 7.901076984381580903e-01 5.009278316681198273e-01
2.872157565701514703e-01 8.114511257925793863e-01 5.089736531764597061e-01
-8.675413203476070034e-01 -1.723589775437248117e-02 4.970663751634498695e-01
-3.408502082680519019e-01 7.944501628627779199e-01 5.026629827736784906e-01
5.473897719420091068e-01 -6.896243251351459325e-01 4.741125686534476413e-01
4.351034864174108119e-01 -7.541438750991743545e-01 4.918861369847853382e-01
5.311252523501747147e-01 -7.021860566563459249e-01 4.741737109471317879e-01
7.927550325801349107e-01 3.629594790716177966e-01 4.896936541052264169e-01
8.655010184354104963e-01 1.083161195616730715e-01 4.890558304839730530e-01
-4.035580801339356816e-01 7.708065873699274650e-01 4.929483551303710520e-01
-6.267193359681134945e-02 8.571404517766052500e-01 5.112557820381438134e-01
-8.310504904750529720e-01 -3.234605637744809581e-01 4.524691657603520101e-01
-7.643931130941543639e-01 -4.649506604944603771e-01 4.466811524566403069e-01
6.422635581989291076e-01 -6.032148992351415995e-01 4.728946046957915317e-01
8.559460934974176816e-01 -1.539494485913133759e-01 4.936150851675227824e-01
-8.010559646665036393e-01 3.343113102334278053e-01 4.965332711130505672e-01
-4.531058551335481743e-02 -8.763594406943445714e-01 4.795217216626716517e-01
1.816806632695764645e-01 8.463356307842359039e-01 5.007076359103946883e-01
-8.432475394228566845e-01 2.519037294175399677e-01 4.748453415195652560e-01
-8.751558832185831749e-01 -2.977356874760120342e-02 4.829241293121867007e-01
7.522742112638555190e-01 4.375869330638055832e-01 4.925456192873479688e-01
7.957802575617130003e-01 3.492134098286490129e-01 4.947562794658212360e-01
-6.806489311652752505e-01 5.345358928291238376e-01 5.009874367496057745e-01
-2.882005911577811275e-01 -8.670509840852895778e-01 4.064025224491555344e-01
-7.969505595776531504e-01 -3.631506697904356984e-01 4.826918236510990834e-01
2.777798808080237380e-01 -8.537110986057332429e-01 4.404721307139330966e-01
-6.711421519720924822e-01 -5.922817033480144433e-01 4.458369609234336672e-01
7.965475540719340053e-01 -3.828274062718552417e-01 4.679264590821759495e-01
7.695610361658419274e-01 -4.292146784419276218e-01 4.728113486638709784e-01
8.654395147763004337e-01 1.021661636481856344e-01 4.904860051715788649e-01
8.385701046018371185e-01 -2.240923330635253563e-01 4.965710482199000575e-01
-6.227362358561522315e-01 -6.128669738063645678e-01 4.864089359470480933e-01
-4.220479759551389043e-02 8.667256085114105613e-01 4.969964533177742561e-01
-2.116925014303897290e-01 8.431954782826049932e-01 4.941737247587261739e-01
-6.293490866559915409e-01 5.872790010251964787e-01 5.089431226376055495e-01
-8.834514102663978408e-01 -5.567817962298235446e-02 4.652026934704742711e-01
-3.399236081468058890e-01 7.931864031872308818e-01 5.052793983761464380e-01
-7.656490326335372298e-01 3.980214113062345849e-01 5.053320838509287594e-01
-8.135403269875042254e-01 3.021966464439722055e-01 4.968192057912833581e-01
2.028843375775795654e-01 8.460478068594469159e-01 4.929919411856819589e-01
-8.557537428096559928e-01 1.598615223117741957e-01 4.920668911351657737e-01
8.602489451628053674e-01 -1.457963681893548746e-01 4.885848660868188920e-01
5.654013308389482795e-01 6.512875837614523489e-01 5.061085044965311086e-01
1.427971531132496419e-01 -8.895783786699813511e-01 4.338885585788574417e-01
-7.711536466572910253e-01 -5.123398166159461864e-01 3.779285191105595798e-01
-6.731814672338767291e-01 -5.302625928139070854e-01 5.154108020163311599e-01
5.752334480466422262e-01 -6.721596274670386117e-01 4.661629709144032851e-01
-8.223500408447884658e-01 2.776735428089256441e-01 4.966264329921581400e-01
-7.466515337689648701e-01 4.502425133350661524e-01 4.896868043006415983e-01
3.454827403795350804e-01 -8.275592803919724627e-01 4.424786023492748299e-01
4.376812536624840599e-01 -7.818485141819180306e-01 4.440135370278293081e-01
-3.752957344300397180e-01 -7.910346302997731671e-01 4.831328237504859957e-01
7.459058965940734698e-01 -4.634396822071197852e-01 4.783806584530306272e-01
2.296621928614638042e-02 8.643011311844310818e-01 5.024501043934747058e-01
8.563588427000379255e-01 1.597104576861198832e-01 4.910622182933053748e-01
6.673161906660304288e-01 5.568616739400800153e-01 4.945646345743197614e-01
-5.132610166920019701e-01 7.040652717672050143e-01 4.907700294798619245e-01
-6.532328940166750586e-01 5.698606797546937885e-01 4.985434703655414190e-01
-8.654224268829553424e-01 -1.461657092681717396e-01 4.792490046751770039e-01
5.647883646449785022e-01 6.564000079137113364e-01 5.001531093300635167e-01
4.509651393109144202e-01 7.395293300874951070e-01 4.997267383947235353e-01
2.677909320433271012e-01 8.239625763926069490e-01 4.993732966627508763e-01
-8.651319892987042737e-01 1.684351915115870901e-01 4.724153123603445081e-01
-4.334106815629064080e-01 7.483881624634544094e-01 5.020660707434342340e-01
7.649558883521895281e-01 4.132161391728666477e-01 4.940596231249655967e-01
-3.893959496845956769e-01 -8.392398603501782794e-01 3.795355729950026791e-01
-8.718429104013748487e-01 -2.285394385666750239e-02 4.892521199065536508e-01
-8.837844549271747230e-01 -1.147552560493149132e-01 4.536036468527706589e-01
-8.557981230403046702e-01 -3.186078329611997662e-01 4.075519861029508473e-01
2.456323372248580550e-01 -8.764935838038391269e-01 4.140335161072788428e-01
5.564032186236906874e-01 -6.898068036359172872e-01 4.632299989884038349e-01
7.260613367769117588e-01 -5.070635538871799408e-01 4.644582732141037118e-01
6.285261292595866189e-01 6.041775917650851202e-01 4.898207248033750183e-01
8.815045594942326757e-01 5.557230193371508198e-02 4.688938375034021888e-01
-2.821246113718936521e-01 8.254289740827296384e-01 4.889506236860634569e-01
-1.515004140269483046e-01 8.560780894169778277e-01 4.941436323275250064e-01
-7.012496249966342354e-01 5.143380246270876643e-01 4.936652305609391944e-01
1.267390743727305757e-01 8.569418048554361400e-01 4.995877801930819762e-01
3.757842369679406103e-01 7.828465450144492799e-01 4.959208547796337685e-01
-7.135058868070367488e-01 5.041754528956945425e-01 4.865351602804525721e-01
-8.006511862641373378e-01 3.512575180957439036e-01 4.853615496874960078e-01
-8.863018588607527448e-01 1.072692791879976543e-01 4.505133923896841308e-01
8.485813115617818481e-01 -2.161117717532041460e-01 4.829135116951864815e-01
8.403008905835023246e-01 2.467521614176041989e-01 4.827087984699610645e-01
8.873415200384121571e-03 -9.197120383135877209e-01 3.924933490949205073e-01
-8.857710343899314331e-01 1.315439968653064895e-01 4.450908351387290462e-01
-5.690624006948770131e-01 -7.300349064027523704e-01 3.784402456781096324e-01
-7.721105353000463634e-01 -5.118439289671501413e-01 3.766445455043082591e-01
-8.820936874902336466e-01 -2.904062571464716136e-01 3.709109492857541324e-01
-8.486987081431884850e-01 2.090145953165553072e-01 4.858223973230749726e-01
-4.649838323998456424e-01 -8.410218224807506360e-01 2.765363081367601672e-01
-7.701725251926809790e-01 -4.710563706385061389e-01 4.300467150429210794e-01
7.499470164757962021e-01 -4.609179847765158544e-01 4.744829646980044946e-01
7.114463955835862441e-01 -5.564179939898257210e-01 4.292354157982093965e-01
-8.801321672540139973e-01 -1.296870107942921235e-01 4.566712684152501867e-01
8.618435788723449731e-01 1.538247022322908886e-01 4.832841881746756663e-01
8.732045285344378627e-01 -1.680953304371630430e-01 4.574470583927402467e-01
7.654699727988806268e-01 4.181718926860392704e-01 4.890684910221233528e-01
1.616144859573265258e-01 8.555615224904601357e-01 4.918284651812612207e-01
-6.191354147151797438e-01 6.179312439262403256e-01 4.845950020638181144e-01
-4.589489652000688924e-01 7.307234290909719876e-01 5.053801712763541509e-01
-2.236878820989918193e-02 8.653885509670139475e-01 5.006019308484865871e-01
-7.689407393963269000e-01 4.172140541728983631e-01 4.844198306193132630e-01
-8.293930116783647666e-01 3.102910907081241065e-01 4.645714920292190464e-01
7.360232261506974849e-01 4.683200056104057096e-01 4.888212177389488211e-01
-7.898626885452546542e-01 -5.471749770504519272e-01 2.769773957092885319e-01
-1.220272273338901953e-01 8.606009772384817236e-01 4.944444496254087884e-01
1.885919925376401962e-01 -8.774041473365036259e-01 4.411292583669619294e-01
5.508136173148741044e-01 -7.349771721752775822e-01 3.954907272765516013e-01
3.914889629308769270e-01 7.833632582553519130e-01 4.827819357835021474e-01
1.535981478522105703e-01 -9.635178101039233445e-01 2.191826603290287501e-01
-9.234624355006446628e-01 7.111488408836355579e-02 3.770408512088794795e-01
5.557244627794677427e-02 -9.741407093698257746e-01 2.190013277656960300e-01
-8.584380979106628340e-01 -2.325258431004699755e-01 4.571824191129175152e-01
7.574890759967449760e-01 -4.723103539378417648e-01 4.507030389388425595e-01
8.710712250025550718e-01 -1.379414760153365449e-01 4.713884493358512784e-01
8.697555503352975004e-01 1.129463153061296826e-01 4.803836097534051608e-01
6.340361789678137239e-01 6.060298089045697001e-01 4.803394575495386620e-01
-4.991645089074423502e-01 7.126825895812100020e-01 4.928674462317557126e-01
-3.942786069540112903e-01 7.778761306332242498e-01 4.893394583410249354e-01
-8.986981190057099500e-01 1.010823517391820359e-01 4.267599431325242443e-01
-6.223752959293205045e-01 6.106319149794593448e-01 4.896709664922039296e-01
5.936044195162423209e-01 6.377908113861346928e-01 4.907715089959897581e-01
4.475802290009845419e-01 7.449268490695543088e-01 4.947281355883570986e-01
-8.189972554545517092e-01 3.603581687882999596e-01 4.465260191136176116e-01
-2.540729206621608616e-01 8.389788950424048597e-01 4.812082341976549049e-01
7.842172201945886156e-01 3.850422178458355882e-01 4.865653522669203257e-01
-8.823274632401465478e-01 -3.356373631908865507e-01 3.299178807559188797e-01
-9.032648099586149115e-01 7.061565416282034047e-02 4.232329293398427450e-01
-8.792580346756447840e-01 -1.091105733345924256e-01 4.636811309994391950e-01
4.091442174967001577e-01 -8.610626918680892583e-01 3.019470979524273568e-01
5.976043639488990422e-01 -7.151707388348724770e-01 3.624911564488360605e-01
5.505046572048741815e-01 -7.501986397848824373e-01 3.662603217121073729e-01
-2.737395565916736495e-01 -9.520955204752672429e-01 1.363113166539152987e-01
-8.591940396063553198e-01 -2.857749116080481322e-01 4.244034662915997513e-01
-7.115604732444794633e-01 4.938700773310618630e-01 4.997739885519289493e-01
-8.163347087647374600e-01 3.039386621419697398e-01 4.911404411381138368e-01
-8.699373986572687123e-01 -3.930505949221437811e-01 2.978592826298571694e-01
2.086751125054488454e-01 -9.601193053888033013e-01 1.860795981309074365e-01
-3.095463276108628148e-01 -9.079200259257029781e-01 2.825991818560328883e-01
-5.129079416626050048e-01 -8.525078683436440041e-01 1.007758790167859325e-01
1.273224909521055437e-01 -9.808350471418818550e-01 1.474842147347755206e-01
8.658251867521520317e-01 -2.499105743234368016e-01 4.334644746999818388e-01
2.200435890047826859e-01 8.439146921587693528e-01 4.892737590515802704e-01
8.930432400088013090e-01 -6.453481500042046459e-03 4.499245759581387838e-01
2.115377945311237851e-02 8.726714392329464332e-01 4.878494406699132591e-01
-5.344354349807701743e-01 6.969528468863317450e-01 4.781584413705904923e-01
-5.823799538116323227e-01 6.552004400952810004e-01 4.811922408947501006e-01
2.116450677255793389e-01 8.503896066149599919e-01 4.817093337985975943e-01
-7.141477788013961270e-01 5.306631248875623985e-01 4.564970951907577068e-01
8.497627084728822666e-01 2.422372953671498852e-01 4.682140878081729740e-01
-8.175950455240486026e-01 3.549559334115889309e-01 4.533702977373315068e-01
-8.622632177163949141e-01 2.029576863237569362e-01 4.640154317859227495e-01
-9.843838665792865594e-01 -1.225540159178870186e-01 1.263681779595315358e-01
-8.979252050550063924e-01 1.039479931273298019e-01 4.276974875443221302e-01
7.563601446989685062e-01 4.426912395202889372e-01 4.816054380537512225e-01
-7.301354478384531888e-01 4.960563178190456890e-01 4.699259062464540282e-01
-8.344830436801382589e-01 3.127400793266554846e-01 4.536867780673028983e-01
-8.647749011914083184e-01 -3.836783701817254588e-01 3.239680208355215640e-01
5.115959320707339497e-01 -8.571531394318699926e-01 5.964979338410353327e-02
9.987017203899516415e-01 -3.204819057917119435e-02 3.959529228017062696e-02
-9.915708779498711989e-01 1.131489538637358780e-02 1.290703960794921390e-01
1.321890222949404781e-01 -9.767314536775523193e-01 1.688837759574408626e-01
7.629045256084457938e-01 -4.936623969033562820e-01 4.174615224062997454e-01
-8.853773886828131268e-01 3.112891576807173544e-01 3.452621321831172985e-01
-8.763330049877747774e-01 3.896880296977111580e-01 2.831672719072818589e-01
-9.277900780181833618e-01 2.792176307866059415e-01 2.474734042052351701e-01
8.790009456892535766e-01 -2.129632179576261275e-01 4.266192743823591926e-01
7.815701403143643367e-01 -4.396930933491235427e-01 4.425133889839533707e-01
5.353818143907828064e-01 6.951387946071716506e-01 4.797378128225059379e-01
-1.771969789488264668e-01 8.563558061896100471e-01 4.850319204513784954e-01
-6.090458495401017691e-01 6.435498668093116992e-01 4.635803297031625414e-01
-6.437549107772260193e-01 6.102194987237860024e-01 4.617486093400793301e-01
-7.046968181742698789e-01 5.533591998679980861e-01 4.440675515915447069e-01
8.067387142609554473e-01 -4.459530204515774754e-01 3.876835700190242040e-01
-8.114123318435514376e-01 3.880127052631872631e-01 4.370997235031763295e-01
-2.783945862333896959e-01 8.228457260766350867e-01 4.954002073408476647e-01
6.913211947221833409e-01 -6.209889700495742071e-01 3.693882846066754988e-01
2.879346132390647739e-01 8.231493401251024356e-01 4.894066022751214495e-01
5.876978849836310692e-01 -7.567801649387507767e-01 2.861729860434839012e-01
-8.770247365200517509e-01 3.271646660337922397e-01 3.518392997249327747e-01
-8.435525628207730664e-01 4.016047557184281858e-01 3.565567191105046829e-01
8.515153251815696933e-01 2.693064255338666890e-01 4.498840963482679811e-01
8.865937923579177982e-01 7.731199602755703393e-02 4.560419965558444311e-01
-3.164378735547724308e-01 8.239266933121279779e-01 4.701190021982482037e-01
4.175936103211477790e-01 -8.801762147633228617e-01 2.256222674823086249e-01
6.475432976967131493e-01 7.618182141984110034e-01 1.790771128899329087e-02
4.672775171868812083e-01 -8.728407874302906988e-01 1.407148951949799276e-01
4.206392401093342892e-01 -9.004976791854482077e-01 1.103021280930850945e-01
9.996391580795060960e-01 -7.388184831775033296e-03 2.582573056058070152e-02
8.018136970732209212e-01 3.773610643586478575e-01 4.633502155949444923e-01
-8.445951134162740237e-01 3.762532252135144528e-01 3.809102320885852100e-01
-9.911154307473004632e-01 6.576259555788616096e-02 1.156091863135584319e-01
8.951930627078724667e-01 -8.518308201127795798e-02 4.374622532502194794e-01
7.274877246046576040e-01 4.831778845427111002e-01 4.871352403987713187e-01
7.741432925715705515e-01 -5.149183433861355130e-01 3.681864503358664997e-01
6.435850398453445420e-01 5.954406999762833497e-01 4.808832179427975362e-01
5.702433478449779602e-02 8.793003074012933906e-01 4.728416168722636148e-01
-5.254826846350262315e-01 7.034925238026634720e-01 4.785041453347344542e-01
4.715964938173030085e-01 7.321128432030891142e-01 4.915358906899020552e-01
-7.029691256091031848e-01 5.750951917478412945e-01 4.184494340644837607e-01
-8.516305899258871381e-01 3.568230320093543906e-01 3.839305433670739953e-01
9.245720788697774084e-02 8.691752120411929683e-01 4.857840214363698950e-01
6.766639620945053002e-01 -6.896126460142332215e-01 2.579927922632989645e-01
7.451022325328582330e-01 -6.018105682744214757e-01 2.874833960210025907e-01
-3.372981614561847974e-01 8.124861976308412892e-01 4.754956665813631078e-01
-6.681433437186777846e-01 5.910414037125810705e-01 4.519452747201662679e-01
-8.750645315448746242e-01 3.774703718024471910e-01 3.029491443187642963e-01
-9.140900990156975991e-01 3.626876623599925575e-01 1.813751649298114277e-01
-9.933909617392158165e-01 4.781218094534810115e-02 1.043474603815786744e-01
8.767820738363163446e-01 -2.501920373093455829e-01 4.106788763331847281e-01
4.427611514123660497e-01 7.586937997984299908e-01 4.778559206993418518e-01
8.989764315923032267e-01 -1.744398548694686690e-02 4.376494976712529961e-01
6.349328060257860562e-01 6.183265452191962774e-01 4.631766566975444310e-01
-4.294145011292355152e-02 8.737206532538839276e-01 4.845288969089516229e-01
2.302403146689832036e-01 8.485678443402789872e-01 4.763633183325724496e-01
-4.088254395271658237e-01 7.888124473083626409e-01 4.589517218257402331e-01
-4.125998503268756279e-01 7.827013599413668032e-01 4.659827729178138700e-01
-5.406786685254616476e-01 7.116940026346723069e-01 4.485066599453937375e-01
8.688733757940869662e-01 2.266306849949040747e-01 4.401108831362020579e-01
7.937598893586657045e-01 -4.785380851703062155e-01 3.754284739958542727e-01
-6.747778621744020544e-01 6.034712539071898085e-01 4.248497174613958260e-01
6.442816532098031290e-01 -7.229548243038776967e-01 2.494743941830350198e-01
3.125555765749059578e-01 8.143821525481228507e-01 4.889690390638389283e-01
4.521206642420701471e-01 7.601826802001635519e-01 4.665931822144480656e-01
7.741752645130660637e-01 4.314130390710671503e-01 4.631797162393777034e-01
-6.798811310736021518e-01 6.079836517455778910e-01 4.100213736138536014e-01
7.668822060532554108e-01 -6.061732378253619213e-01 2.108214594940692743e-01
6.305403773042420612e-01 -7.571034436149775004e-01 1.709187182708983010e-01
7.866696291966902566e-01 -5.739381965043386380e-01 2.274771221307518854e-01
-8.398952079659971481e-01 4.002954344117271024e-01 3.665236756675910312e-01
-7.415628727190325398e-01 6.243784888396108901e-01 2.454302517601689715e-01
-7.059323265123335078e-01 6.685152485263977651e-01 2.339805822553930326e-01
-6.649254892020933783e-01 7.237124671679894261e-01 1.847007273266102478e-01
-7.282116795699179468e-01 6.617542194722743076e-01 1.782949880075165860e-01
-7.903870642433804550e-01 5.987678459907173067e-01 1.294811001048686294e-01
-6.842430925210440940e-01 6.542795605603227704e-01 3.220708725889829260e-01
6.591483469416341556e-01 -7.414986170468150783e-01 1.253126395930276304e-01
9.039906497802548957e-01 7.234067965815399459e-02 4.213878631100674843e-01
8.999168930277586798e-01 -1.729957120745096999e-01 4.002774903077850888e-01
8.970466156298169125e-01 -2.108669969862827509e-01 3.883844473831039590e-01
-4.497019930502951790e-01 7.719808502458291866e-01 4.492367797724479139e-01
-5.081133095105963005e-01 7.635831425921193460e-01 3.984490545193102307e-01
8.938942665263471810e-01 -2.793311567778545279e-01 3.506096763132321437e-01
-6.824341816521697357e-01 6.116174176494836301e-01 4.002595684559088762e-01
8.650967865024183912e-01 -3.813725161184379209e-01 3.258259565054342777e-01
9.209219345923759237e-01 -3.080467995715282514e-01 2.387675850285679024e-01
8.730280139890618241e-01 -4.031136096721367190e-01 2.744476352374252692e-01
6.322372577593693421e-01 6.080944120038941358e-01 4.801012768057912883e-01
8.182260777730309131e-01 3.670135328360271121e-01 4.425010196229842707e-01
8.855510333515350663e-01 2.154444321317539601e-01 4.115617377665891086e-01
-4.583829911174494010e-01 7.475309658398563428e-01 4.807103998924422417e-01
-5.092429645504714664e-01 7.505325970088727594e-01 4.211560564481586222e-01
9.566445911692821324e-01 -2.286022226283627723e-01 1.804775609208232323e-01
9.366085556553965796e-01 -3.189972226457201132e-01 1.449316577474669965e-01
-6.601004191141932598e-01 6.951022226005301174e-01 2.847812086867207437e-01
-6.729558740799719274e-01 6.543962344796144803e-01 3.448129345604109552e-01
7.932537558303953684e-01 -5.762910962550464866e-01 1.965630973456827524e-01
-3.902673402994183416e-02 8.792849268416713659e-01 4.746945664951231492e-01
9.391370593703284309e-01 -3.137535489045338855e-01 1.399296046841510821e-01
9.164299135657300033e-01 -6.111880764624186280e-02 3.955005750612893278e-01
6.566091807133027647e-01 5.873349907513545354e-01 4.731828319393168725e-01
-2.898216371300932348e-01 8.282592331028645338e-01 4.795727905449675976e-01
-1.846675543993101798e-01 8.824080795355672135e-01 4.327284084995226543e-01
2.190614502279386311e-01 8.563552561294925924e-01 4.676192428925736166e-01
9.021207144398413202e-01 -1.896478746510319446e-01 3.875718000821226639e-01
3.143196881012000343e-03 8.837656482426550220e-01 4.679192230498837590e-01
4.480390720358630730e-01 7.733789180981558431e-01 4.484930757219879327e-01
9.439222617595535159e-01 3.117671950292363325e-01 1.086829326910681848e-01
9.051707363866072775e-01 -2.906648491941367651e-01 3.101288174811832610e-01
-6.202784591467633835e-01 6.936258491221181099e-01 3.662482963074882858e-01
-3.399823179887665470e-01 9.259863209393498495e-01 1.641991379033173604e-01
-5.560096644388113907e-01 8.185414779154674969e-01 1.443714029252423925e-01
-3.180963847389182697e-01 8.461997516101400496e-01 4.275051700166527247e-01
6.404611708241743084e-01 6.132011739861584765e-01 4.623784260630302012e-01
-1.128462126764053497e-01 8.782888430078376052e-01 4.646229014292618809e-01
9.220401533175655029e-01 2.645625639241855342e-02 3.861891015653074466e-01
3.448482360589343321e-01 8.115046968936514560e-01 4.717412648969605549e-01
4.325679674551314857e-01 7.757702529417023207e-01 4.594186197603483679e-01
8.768715819378456455e-01 2.204220837755372364e-01 4.272122818621558737e-01
1.633457591656369001e-01 8.693741122174842850e-01 4.663762600826322213e-01
-3.606282612691468770e-01 8.244015369538896243e-01 4.362446137685331848e-01
7.532211192495014140e-01 4.655218734035775352e-01 4.647013351598553443e-01
-4.773497737032810773e-01 7.877686989759453695e-01 3.893040848221001604e-01
7.622619838259545588e-01 4.825132440061927763e-01 4.314367130557394403e-01
-5.307718767851131725e-01 7.345880177360051277e-01 4.226838759790765843e-01
7.721778409859733072e-01 6.230025515131777381e-01 1.249367948136619749e-01
9.804337082614085208e-01 -1.047130026808983372e-01 1.666881242750466174e-01
-3.741969830278735754e-01 8.684701425679104414e-01 3.251710770669968831e-01
-5.364632696616336016e-01 8.370360048590813618e-01 1.076005895592452438e-01
-4.261706932604035214e-01 8.298344120118636980e-01 3.602129770661678387e-01
-4.888965048120798018e-01 8.396785424418680144e-01 2.364744234483553420e-01
9.594748077110388795e-01 -1.724153562363805736e-01 2.228924366185344175e-01
7.678387670753135108e-01 6.234107455921955587e-01 1.475895323403579318e-01
9.192904104769735740e-01 7.912980508572323157e-02 3.855432727362428924e-01
8.397891061156341763e-01 3.383260384778558061e-01 4.246054038014407950e-01
9.419504847568864747e-01 6.338141224745832969e-02 3.297151510740513047e-01
9.565785369137793648e-01 -1.160601794612494131e-01 2.673715344970661323e-01
-1.522158429150438641e-01 8.704303151025079011e-01 4.681681361607296088e-01
-1.783962276062866503e-01 8.800763175281549611e-01 4.400459763501175514e-01
-2.873012427445069128e-01 8.655775463731538721e-01 4.101627812614066504e-01
9.429373933830809129e-01 1.806676730433609546e-03 3.329651754750231341e-01
9.436398499661804440e-01 -1.243714718715933365e-01 3.067174115375553844e-01
9.361222947419717277e-02 9.847377095316030005e-01 1.467255735014275086e-01
2.852442291525293661e-02 9.850622937280606450e-01 1.698194181257367541e-01
9.431419455435066102e-01 2.900827272430019921e-01 1.622814897382670873e-01
6.953075368199489459e-01 6.913906595223761054e-01 1.962813928180388856e-01
-2.440576186419460558e-01 9.459856015771688220e-01 2.134177133967663786e-01
-4.678669093048509753e-01 8.583342076701364620e-01 2.106251246190858628e-01
-3.946431367682583513e-01 8.608935451197736732e-01 3.211216258255091272e-01
1.168943134532536843e-01 9.871905182406017776e-01 1.085845301050961248e-01
9.278550128187781354e-01 1.038103158264364057e-02 3.727966058997123078e-01
1.094264421249667163e-01 8.857436315577404962e-01 4.510920891777834285e-01
9.033385992662679165e-01 3.298563740462492344e-01 2.741790429203482260e-01
9.188345712254498698e-01 5.519609662438898501e-02 3.907638950035875469e-01
6.329646016492648242e-01 6.346696189539200450e-01 4.433399235754360568e-01
3.757732317285858437e-01 9.215452217219127773e-01 9.771838433869613205e-02
8.535823291954394154e-01 2.976193200407505346e-01 4.275744936543454111e-01
9.707391172812469549e-01 1.305400911322450452e-02 2.397814818248011903e-01
3.856849988474325142e-01 8.173624291505123818e-01 4.279786689511869135e-01
-2.280199399127653681e-01 8.846060414392663551e-01 4.067911730253371272e-01
6.154822036544916886e-01 6.558108959469288735e-01 4.371426835049365689e-01
7.486034358959487989e-01 4.676410883938679763e-01 4.700050087079699068e-01
7.815714774385541519e-01 6.127263667844576878e-01 1.171000644817667413e-01
-3.076913272710095626e-01 8.876631525434898196e-01 3.426079023297010639e-01
-7.078976376611832710e-02 9.802986407977576366e-01 1.844000656073803146e-01
9.723922239387733368e-01 1.691034965301145832e-01 1.608022707697132347e-01
-2.700434187247596762e-02 9.074963956150414734e-01 4.191909558491723753e-01
5.494394683281579317e-01 6.911901107870744854e-01 4.694384958580015144e-01
1.897376040512928630e-01 8.766329044557799044e-01 4.421700944594719185e-01
3.778509705158809018e-01 8.130990498883847728e-01 4.428301922303999882e-01
8.872005652949721544e-01 2.593484830794406393e-01 3.815933978263706949e-01
8.900784482649483353e-02 8.956681477977762595e-01 4.357248817543517561e-01
7.699274440154857402e-01 5.003370773545301464e-01 3.960739072144339179e-01
4.832501945128288567e-01 8.393462154824247179e-01 2.489320792076508138e-01
4.108566885208184694e-01 8.802592964392897956e-01 2.373612279415364956e-01
7.934039416804546940e-01 5.565813810512354465e-01 2.464292019891653751e-01
-1.038490342143900125e-01 9.508184105149012355e-01 2.918213979794064272e-01
-1.292106749299428980e-01 9.320040495107233536e-01 3.386340992572391406e-01
1.017144856417842302e-01 9.467373062039299292e-01 3.055202717535343560e-01
9.557891906141613436e-01 1.169472090495852629e-01 2.697969113993692325e-01
8.605879881785349905e-01 3.381710141764150968e-01 3.808263118190717278e-01
9.129930879522522025e-01 3.426744585827687928e-01 2.213997217397019601e-01
8.509405692031803969e-01 3.939382642585290140e-01 3.474374643545868335e-01
9.124427955842733251e-01 2.648687172818999791e-01 3.119177894763247028e-01
4.650371748953929796e-02 8.959792536092672233e-01 4.416543686656271839e-01
2.369586122668715378e-03 9.122245800118774506e-01 4.096836592833074664e-01
9.232666319540621114e-01 2.674797185376543984e-01 2.757414123616897528e-01
-1.118407365153732541e-01 9.226201964219897800e-01 3.691390291068499807e-01
-1.295761335326677255e-01 8.950455117914285497e-01 4.267359340865778394e-01
8.968406568815572300e-01 2.762163371636125464e-01 3.455160940508766876e-01
7.308097926365375585e-01 5.407230469418199403e-01 4.165760836779945908e-01
2.861872619008198337e-01 8.568702523074787081e-01 4.288009116550819400e-01
8.338872554362690703e-01 4.820207861943425209e-01 2.688642908561019729e-01
4.392267773883255511e-01 8.745835212141940262e-01 2.053862274974826152e-01
1.765875665862011445e-01 9.304864936622467830e-01 3.209543837359155605e-01
5.552372911909175812e-01 7.299711489529638886e-01 3.985645144355705050e-01
6.814747057455174950e-01 6.058146970192824776e-01 4.105858963779630000e-01
5.639574376635936304e-01 7.635370185549876787e-01 3.145842173410395848e-01
8.005211537915194464e-01 5.519263247091841240e-01 2.335448873884996002e-01
1.259487008004741559e-01 9.119744896559858205e-01 3.904349561493917764e-01
5.454399039689723505e-01 7.299659978216926914e-01 4.118797800117151575e-01
4.202595674382877400e-01 8.090804671863348618e-01 4.108171047974090717e-01
2.990382966874222115e-01 8.662634341030004403e-01 4.002046474622229510e-01
7.576685689286217773e-01 5.367256478798370090e-01 3.713003077909086680e-01
1.840946213187267810e-01 9.394156576137523418e-01 2.891494295889858179e-01
1.134864638690875338e-01 9.308146573534135104e-01 3.474261017461668377e-01
7.895332454887789009e-01 5.265394562105698562e-01 3.152672760078865655e-01
3.101045980962731652e-01 8.700052444411314756e-01 3.833092914142263163e-01
2.607567301959248796e-01 8.967447451824194227e-01 3.575678811711804350e-01
5.448778850357501868e-01 7.858788596737886767e-01 2.924081194440288356e-01
7.685855544661969185e-01 5.512988891363019839e-01 3.245701469682140683e-01
5.538085691866218019e-01 7.877546118386917762e-01 2.697012054521431001e-01
6.681873401369416987e-01 6.291548204443156989e-01 3.971018640001576783e-01
5.922971790251334578e-01 7.111502643837714910e-01 3.787470834023161648e-01
3.743982572268115816e-01 8.395197930388227370e-01 3.937416184270828845e-01
5.933171004158734885e-01 7.210572594933626345e-01 3.578424889333599035e-01
3.143299574507013583e-01 8.936444521275020980e-01 3.203065266752722628e-01
