-9.406485555290852174e-01 2.962679886074289781e-01 1.655462893197968133e-01
-9.073462784098808021e-01 3.613940125485846644e-01 2.147489202528677366e-01
-9.702286179224445251e-01 -2.356068182972585658e-03 2.421794332866031574e-01
-9.365769876559517648e-01 1.510297886327107708e-01 3.162491883607955190e-01
-9.797776081425456640e-01 1.573386680720840992e-03 2.000833902072467751e-01
-9.414074567792852788e-01 3.157456117101655746e-01 1.185609927679914799e-01
-9.953061551845997501e-01 -3.151392479459866379e-04 9.677581381163291585e-02
-8.793086050102251194e-01 4.306804077916245310e-01 2.032996888817394932e-01
-8.160879794387830843e-01 5.624389718597515575e-01 1.329015152241312392e-01
-9.378644355034531088e-01 1.859849629933562343e-01 2.929503271173276024e-01
-9.756270323309126358e-01 7.973647318761951236e-03 2.192904802621683802e-01
-9.371719160568517948e-01 -1.498573543943669817e-01 3.150421766815523217e-01
-9.393299749096057916e-01 -3.014487101295352800e-01 1.636700137397159027e-01
-9.969462052184366874e-01 6.627539930439985474e-03 7.780963703185608815e-02
-9.608623634160882165e-01 2.741742858039073472e-01 3.964819761813564991e-02
-9.977085243023628980e-01 9.904430906992405317e-03 6.692983477351376054e-02
-9.255336047571958158e-01 3.683684019199748305e-01 8.770556956131454751e-02
-9.086184563596981789e-01 -3.632466014990717862e-01 2.060689381296797740e-01
-9.414973302299745050e-01 -3.136339161943063614e-01 1.233553557104568182e-01
-6.932640442673030368e-01 6.819264081653612086e-01 2.331551817413288208e-01
-8.172989263369466739e-01 5.388211799003930214e-01 2.041915794033203335e-01
-8.790037571744840905e-01 -4.245728637728605759e-01 2.170029451893513428e-01
-7.583807670890270192e-01 6.454670503242144752e-01 9.072430245098112023e-02
-9.438416799377051802e-01 3.292476414193448719e-01 2.754766473167991753e-02
-8.113911565768580081e-01 -5.476816640307402562e-01 2.041792984447443060e-01
-9.244997170808636477e-01 -3.702992043310470716e-01 9.043656555396481500e-02
-9.619379304262392072e-01 -2.697549792434613680e-01 4.367687237707748582e-02
-9.999567479212492227e-01 4.116828375573998119e-04 9.291544758583080571e-03
-8.612352274631581706e-01 5.081148548799663267e-01 9.652835168650363007e-03
-9.140144157482079645e-01 4.031102183891727697e-01 4.560482030109837270e-02
-8.092720047122662352e-01 -5.750951639180033048e-01 1.197680041877405566e-01
-6.025671591723356091e-01 7.728915412359411707e-01 1.988755494597378437e-01
-5.689924960987441382e-01 8.111566674009930145e-01 1.351754427188437135e-01
-7.620732144817066178e-01 -6.408819603858157965e-01 9.227528716591820723e-02
-6.832745311314852854e-01 -6.938675032465382309e-01 2.273407201657115240e-01
-6.076979963690298803e-01 -7.678010304744431469e-01 2.029401951596820630e-01
-9.369580386755147483e-01 -3.479298577814928239e-01 3.247226240167030986e-02
-9.995604679025958950e-01 -3.247459147532788352e-03 -2.946735508030299058e-02
-9.653718070379914140e-01 2.525655385331017633e-01 -6.532934196582407260e-02
-9.129289046233771687e-01 -4.062252551820776936e-01 3.926648896217792978e-02
-9.994441296375847772e-01 1.471787578054405479e-02 -2.991347297588945603e-02
-7.104442518617640756e-01 7.025097644149689291e-01 4.182099829276279129e-02
-6.277132839367552952e-01 7.724951951547940343e-01 9.605835014245940606e-02
-6.386599617202468604e-01 -7.631492557420969103e-01 9.857315433614040334e-02
-5.688162690772343710e-01 -8.120384920670906670e-01 1.305432473721299391e-01
-3.776034334007232207e-01 8.962669312488198425e-01 2.326397107843133916e-01
-3.651019632219001387e-01 -9.033361752925664900e-01 2.251317633283047848e-01
-7.725299532555851556e-01 6.339374921729730161e-01 -3.634181256301288743e-02
-9.164734332816544260e-01 3.909712238365389281e-01 -8.495850881869357329e-02
-4.097939957349910345e-01 9.076425158857279740e-01 9.085122132462683520e-02
-5.195660896421586683e-01 8.541495152632874177e-01 2.190169101799176524e-02
-9.019177447730442054e-01 4.277849736502896127e-01 -5.953484679183395495e-02
-4.225270212257142832e-01 -8.986655129416615262e-01 1.177761104104960155e-01
-4.188865727143559758e-01 8.915410842628433974e-01 1.723036107313310750e-01
-4.073512826553042365e-01 -8.964187724315060279e-01 1.746376733453300911e-01
-9.686514737241477269e-01 -2.403185120344838166e-01 -6.293913905963799404e-02
-7.120263441111674974e-01 7.021428878333252355e-01 -3.721606744921845695e-03
-8.491196421440158071e-01 5.178593404146200063e-01 -1.040073885382834518e-01
-8.650426922677550978e-01 -5.016355065371389532e-01 -7.934679286647849591e-03
-9.929441371290973484e-01 -1.216087069503586811e-02 -1.179578474069915839e-01
-4.868514479283131413e-01 8.734462982396562492e-01 8.199496420294504623e-03
-7.348875456482244495e-01 -6.781884140182834475e-01 -8.776915712363149739e-04
-7.081140828662645381e-01 -7.060315101525059811e-01 9.692900403966359449e-03
-5.490510582815236740e-01 -8.352459153314429896e-01 3.011969990021354585e-02
-7.189704079157581695e-01 6.939141334686819151e-01 -3.955664184251012766e-02
-2.004651508038118313e-01 9.581993723736280666e-01 2.041266422983300799e-01
-2.377443198707961947e-01 9.627501039723806997e-01 1.288016912557546911e-01
-2.123075242911559024e-01 -9.526932023638134961e-01 2.174883383060854103e-01
-2.166245479018485687e-01 -9.706907753272189243e-01 1.040827744680279110e-01
-5.213249225159045930e-02 9.712697255491902215e-01 2.322010410899111310e-01
-9.122227384000469730e-01 -4.048540191793977283e-01 -6.279250512766164360e-02
-9.367800516359120477e-01 -3.416811367053337878e-01 -7.547937252500828975e-02
-7.772627631449329222e-01 -6.290977411742812997e-01 -9.931217333292391078e-03
-9.948481202723948869e-01 2.083984397891228135e-02 -9.921148367712931404e-02
-9.463737971375100200e-01 2.739927233440551113e-01 -1.711859329677504482e-01
-4.784045029849172126e-01 -8.777750831852422220e-01 2.529891031043411329e-02
-1.323884764664794711e-01 9.862979462927258245e-01 9.843603221196889352e-02
-1.616051616918972034e-01 -9.838809374264937402e-01 7.656417362774578517e-02
-5.788529529045769451e-01 8.138697555984968357e-01 -5.045076645299534368e-02
-9.904180596293519212e-01 -2.151987886970803746e-02 -1.364146692018962936e-01
-6.562781540614849307e-01 7.487829710841459319e-01 -9.286036138228788428e-02
-2.524880836355898883e-01 9.675997087478062086e-01 -7.558129318430723432e-04
2.782110681785903220e-02 9.940349201828856396e-01 1.054540822938281469e-01
-2.979100028944446296e-02 -9.759145279223671032e-01 2.161095335514325866e-01
-1.452328553142929191e-01 9.893189556721490030e-01 1.246682337351209986e-02
2.476652695403535609e-01 9.454155650096881525e-01 2.117813110284197664e-01
1.527980450282007685e-01 9.799686377619150068e-01 1.277271562300539842e-01
3.716372955086167940e-01 9.064259438619771680e-01 2.006931211600556653e-01
7.387833936134244883e-01 6.571218830162036673e-01 1.496326441063942081e-01
5.842048290867211113e-01 7.783510362263168503e-01 2.299443021193910697e-01
5.233320720004550619e-01 8.425229134966452094e-01 1.275879408440903084e-01
7.074817958674516349e-01 6.895721199296419579e-01 1.547895343099946197e-01
8.760337649582671249e-01 4.512990439145021515e-01 1.699823979560825815e-01
-3.628181092399556662e-01 9.313071259393886914e-01 3.209449769133643215e-02
-8.178167094282304816e-01 5.130884581592695115e-01 -2.606071063569161961e-01
-4.691098619846068574e-01 8.790795481992311755e-01 -8.458773744827886854e-02
-3.587674645500020798e-01 -9.333055386536829312e-01 1.505582607238479739e-02
-2.627699605961856810e-01 -9.646032977121470342e-01 2.219067036234400464e-02
1.680101055249658831e-02 -9.947525554947996840e-01 1.009211542788751581e-01
-6.624299161513984568e-01 7.310425635293141822e-01 -1.635951603689422273e-01
-5.968359288119667871e-01 -7.998006280902957288e-01 -6.407674605912436205e-02
1.188281314234220926e-01 9.756661374442732182e-01 1.842700828322126338e-01
3.983391768966191293e-01 9.108523771397386559e-01 1.080455793089721006e-01
6.591062135801509791e-01 7.244662236478401907e-01 2.018110255002785181e-01
9.004471589823205280e-01 3.882839561822682972e-01 1.960369435900135848e-01
1.202875001317886827e-01 -9.758433887617568026e-01 1.823748829252966885e-01
-2.595187482202445106e-01 -9.657364308528154639e-01 1.779169992606293967e-03
-9.220756453501849359e-01 3.269088613585896530e-01 -2.071402921144757936e-01
2.165872751217206571e-01 -9.540152338385087250e-01 2.072314789297316495e-01
8.403801141565166999e-01 5.182741908481617310e-01 1.585973733419419329e-01
3.768029045714796910e-01 9.185276558724180251e-01 1.196934271546153811e-01
-8.771222114541894488e-01 -4.719022265177600373e-01 -8.924637125000106641e-02
-9.083869766367262955e-01 3.837651835404108369e-01 -1.660041703662368251e-01
-7.196019464349779904e-01 6.876625359949848360e-01 -9.640163523476828755e-02
-7.475659261648485154e-01 6.346712424169052014e-01 -1.957998980752401752e-01
-9.494599151897931133e-01 -2.475221057512531075e-01 -1.930250673157672958e-01
-7.376631318600177512e-01 -6.654862591222423518e-01 -1.139348182688417754e-01
-5.463236058760952973e-01 -8.340357402904025053e-01 -7.690839733592891303e-02
-9.703790611073149774e-01 -9.679341858880826863e-03 -2.413934301211712596e-01
6.880956191272181825e-03 9.990941172822689342e-01 4.199520512936941868e-02
-7.895562184149057527e-01 -6.051834844388928047e-01 -1.017542535953864791e-01
1.552835849082324360e-01 -9.811838145550962897e-01 1.147402732834384154e-01
-2.880439153943480379e-01 9.532437003504292683e-01 -9.141745208938391321e-02
8.749951594046714298e-01 4.737583945494574511e-01 9.968176669940320700e-02
8.467845577766472953e-01 5.208347423751434890e-01 1.081068168342129016e-01
4.042239857240867255e-03 -9.996167880964399455e-01 2.738498224745749762e-02
7.050598032938013571e-01 7.061540743533534226e-01 6.509298774418625921e-02
6.762765373508126121e-01 7.313772487360645780e-01 8.796229339927305602e-02
-3.029627103076575345e-01 -9.521124570778937146e-01 -4.117602749336681661e-02
3.208642361251058395e-01 9.427073507450860479e-01 9.137282324101424213e-02
-2.050772122014130339e-01 9.722957034395665055e-01 -1.121802215573458467e-01
-9.026919547866383287e-01 3.141160559327542678e-01 -2.940719948732428146e-01
3.703691873910373022e-01 -8.983006887324954670e-01 2.363948765392918372e-01
9.806895278905527480e-01 -1.030556436466586144e-03 1.955683712649775030e-01
9.156284551679618744e-01 2.147194812439782163e-01 3.398824450615958725e-01
9.750604782755495359e-01 1.889053837113941203e-01 1.164981532467685432e-01
9.806182236995110157e-01 1.621192897385435039e-01 1.100237939860560232e-01
-9.152315241598116824e-01 -3.699255046504674738e-01 -1.597071638756543954e-01
-7.890004653455576777e-01 -6.044307569875517760e-01 -1.101894990094270249e-01
-5.874264643818378762e-01 -8.061158393116465426e-01 -7.146609374194935749e-02
9.829503320905627617e-02 9.945993396768176842e-01 3.332026351739937609e-02
6.390235060676897894e-02 -9.979123962414366833e-01 9.345534473930274325e-03
-3.844088102193294887e-01 9.154610228417239259e-01 -1.189999255602463973e-01
-8.929997445254503896e-01 -3.915966490943403877e-01 -2.218186662469245618e-01
-9.745151306460692053e-01 7.807131772329090579e-03 -2.241858800981101352e-01
-4.446280646512094092e-01 8.775855279512471130e-01 -1.793028869122046398e-01
2.787420416673579843e-02 9.967589229770168480e-01 -7.546309169235410064e-02
5.918649314046483534e-01 8.057603274753086797e-01 2.112339083230921344e-02
9.424767884082801972e-01 2.715170151019772882e-01 1.949769571557793402e-01
3.944791327738539910e-01 -9.134772072682900701e-01 9.972765718351919717e-02
-2.288067584580636554e-02 -9.997212318223916983e-01 -5.825231013352081752e-03
-9.646119438103378796e-01 -5.322279403815777764e-03 -2.636199370313050960e-01
4.382681618478732055e-01 -8.938226049275669327e-01 9.487976196737066270e-02
-6.316331084790021144e-01 7.393946765493156770e-01 -2.330989673157864983e-01
2.502130268776722177e-01 9.676128700577257824e-01 3.344809231277960648e-02
-4.242375712773436836e-01 8.841888289649922905e-01 -1.955315776293342633e-01
9.779175854919236466e-01 -1.416418216863225658e-02 2.085103640808780578e-01
6.336842079155623475e-01 -7.503989355058835464e-01 1.880046867236648822e-01
6.083640817306545934e-01 -7.643777609394286632e-01 2.135878803706881546e-01
8.870911720913722265e-01 -4.087100164306476935e-01 2.145352532028597936e-01
9.152846808835404246e-01 -3.460162856910938833e-01 2.062199868500989297e-01
6.784164918724474580e-01 -6.887636641077263810e-01 2.556475670926297572e-01
8.547009990950695801e-01 -4.998131060004994408e-01 1.402606902022923985e-01
9.279386783287711937e-01 -1.954122772260496466e-01 3.174017189159233920e-01
9.653248189890467623e-01 -2.254028744916181382e-01 1.316872735486612489e-01
4.986848329361465715e-01 -8.581662011030711801e-01 1.219188610665747352e-01
9.649117554047335066e-01 -2.391655023933935420e-01 1.083751205151418651e-01
7.893848729899854977e-01 -6.059451482350720619e-01 9.849872905251604027e-02
-1.468606660573709422e-01 9.868668122928566655e-01 -6.727436034717047819e-02
-2.744839900774476704e-01 -9.602263929405815412e-01 -5.122317338357351701e-02
2.895678359818875114e-01 -9.560065414830967168e-01 4.692505733928133832e-02
6.516250503324780285e-02 9.951339789496075339e-01 -7.390677829342974514e-02
-4.104357931340472249e-02 -9.953804915063245717e-01 -8.679344287313464634e-02
5.015669668349213017e-01 8.647857748979936865e-01 -2.400294386307217157e-02
8.451568821287012145e-01 5.345068733908779901e-01 -3.499555457594557412e-03
9.583730654685472805e-01 2.835096471570849319e-01 3.381341972183280614e-02
-7.438540914049018848e-01 5.641807843425419300e-01 -3.583031304340251189e-01
-7.787884446432490337e-01 -5.845281312272979646e-01 -2.276300118483321477e-01
2.446147772546801991e-01 9.685832740204209923e-01 -4.483360387616993487e-02
7.971021331983705327e-01 6.037060352836225441e-01 -1.293105613385176454e-02
-9.313327145412040320e-01 8.607796792560616986e-03 -3.640676869205644595e-01
-8.541973460220241288e-01 4.102930141054733082e-01 -3.193846217731473591e-01
9.575870068751601849e-01 2.877154197602335151e-01 1.571500862439065629e-02
6.922877941642172628e-01 -7.127773474599580217e-01 1.126324242799945086e-01
9.484006910727520445e-01 -2.754828544954287528e-01 1.569882990919284904e-01
-1.266517390435594748e-01 9.728147502223185583e-01 -1.938834669257032406e-01
8.331937012135729459e-01 -5.460369143909304945e-01 8.736100034030790107e-02
9.959784644742557536e-01 -2.292057008787676611e-02 8.661146442792964917e-02
-6.026787226394629826e-01 7.707366510543183225e-01 -2.067447024695902857e-01
-8.359889526543992089e-01 4.751803038444138427e-01 -2.744560982709826069e-01
-5.748387331757575103e-01 -8.029343840645463137e-01 -1.576604126842812426e-01
-3.009832029965661127e-01 -9.448451144713976291e-01 -1.291387671207193943e-01
-3.378682163465897559e-01 -9.324307372673362737e-01 -1.281326991125444070e-01
-8.917548026876537248e-01 -3.451374726532325243e-01 -2.926661867282298601e-01
-5.449622411123579147e-01 7.859726291213157134e-01 -2.919985993697970517e-01
-5.057877719145291717e-01 -8.494223456731411215e-01 -1.505337452296824641e-01
-6.408089436635709957e-01 -7.441569137337391560e-01 -1.886647435613097723e-01
3.366045062210137329e-01 -9.407020283596556620e-01 4.215566666223249243e-02
4.921862538891120242e-01 8.704622806607903440e-01 -6.936096122325362615e-03
1.872266290011060375e-01 -9.802905247861132265e-01 -6.306089443901809199e-02
7.056831154623338653e-01 7.049254660161727859e-01 -7.135424243348147122e-02
8.229187636918827708e-01 5.681556323354037819e-01 1.971245641935078386e-03
-3.646462313472000755e-02 -9.957861167973725003e-01 -8.414476129416785521e-02
8.341946943342726239e-02 9.856801020198380225e-01 -1.465466772110760874e-01
-6.632093079534026603e-02 9.832985488349154091e-01 -1.694859817140910718e-01
-4.742175219149044607e-01 8.217034103105835818e-01 -3.161032226865837513e-01
9.993847220274916232e-01 -3.127413213250158225e-02 1.587784737904688465e-02
-2.376354808806303565e-01 9.437612728587423394e-01 -2.298783114577759579e-01
-8.733016971265638029e-01 -4.067648730523109601e-01 -2.681165489980073535e-01
8.870006138389553013e-03 9.918310582231215644e-01 -1.272496559331612875e-01
2.499019614618840091e-01 -9.663707966461526633e-01 -6.063409145838272174e-02
2.627672568885505711e-01 9.623122804648573947e-01 -7.006028528197755234e-02
-2.436568437185134550e-01 9.435253680581395797e-01 -2.244798929523182662e-01
-9.281172408383254746e-01 -5.695495998135118899e-03 -3.722444742155202047e-01
9.740084271590345733e-01 2.265117152552900415e-01 1.633257176987543211e-04
5.251573773367483877e-01 -8.507996187454283099e-01 1.870127726712487656e-02
-8.719662240000074505e-01 -3.600398600523697090e-01 -3.317321259339214845e-01
5.627004568807030260e-01 -8.266388055418204539e-01 -6.039950218378011514e-03
7.060596172298513329e-01 7.042077433746202209e-01 -7.464094779985658290e-02
4.472201136746059014e-01 8.927789130384949923e-01 -5.422160416915138004e-02
3.104569208483917153e-01 9.457202134533405635e-01 -9.607173446494772506e-02
-8.368272683445762139e-01 3.132468408038129315e-01 -4.489950330252947541e-01
-9.038479824353787828e-01 1.542089846875473007e-02 -4.275757483042175733e-01
9.981659113213152690e-01 -5.482103119588078305e-02 2.568010932041651928e-02
6.569447946177634501e-01 -7.516780966584137857e-01 5.834017336800761261e-02
8.018717133078406833e-01 -5.974587531394477402e-01 6.692809111639196236e-03
9.041735941936145382e-01 -4.258120812932877364e-01 3.397326872232741407e-02
9.353198334216061838e-01 -3.521950774751454460e-01 3.369624030148147403e-02
-1.836719966087084766e-01 9.398583806286403552e-01 -2.879771206604450073e-01
9.031184856822562779e-01 4.252256304742632609e-01 -5.966710992459364066e-02
-6.998577649083890240e-01 -6.878541984946662247e-01 -1.924985987239760110e-01
-6.952202533875910806e-01 -6.285486194117433367e-01 -3.487053660546181599e-01
-6.518911930068360672e-01 -6.961428996686543913e-01 -3.007040666852409672e-01
4.412544996801672226e-01 -8.959743123964348799e-01 -5.024438314619070201e-02
2.020622061930870128e-01 -9.688750056924061438e-01 -1.430107973997856718e-01
8.605723764455570635e-01 5.027472892425401962e-01 -8.161095550307079227e-02
9.938266735854006662e-01 1.005858099989631604e-01 -4.680852162833331470e-02
-5.177254956851922163e-01 7.471692088625107031e-01 -4.167715014792781059e-01
-6.365626252202510882e-01 6.542879892192458025e-01 -4.082832978902495857e-01
-5.502258772991522884e-01 -7.923702780769512621e-01 -2.634403658717341390e-01
-7.367422851703010755e-02 -9.812195056707352370e-01 -1.782705520934362298e-01
3.007142000110716307e-01 9.419887835247944263e-01 -1.490909173128241172e-01
-8.512811551278118838e-01 -2.173130569422108693e-01 -4.775933732859887759e-01
9.724904084820431560e-01 -2.301267109978431813e-01 3.611235655207395423e-02
1.200465265308205548e-01 9.493345163240749507e-01 -2.904355480715469229e-01
-2.233919967912235682e-01 9.102167551373148147e-01 -3.487140295957814606e-01
5.138595963571467307e-01 -8.575673103693455257e-01 -2.294827700628271003e-02
4.365106473952616306e-01 -8.970547715754655371e-01 -6.892888729886079147e-02
5.577347552021072463e-01 8.214813414266979308e-01 -1.187448884265707300e-01
-8.482732554876967201e-01 3.426538849328228387e-02 -5.284490204132363811e-01
-5.448204139839334381e-01 7.772260214144294244e-01 -3.147863214033806978e-01
-7.868749658919657053e-01 -4.652263020990390352e-01 -4.054531734834141976e-01
-7.398941323709442575e-01 4.977730893807977286e-01 -4.525247223869032775e-01
-3.108166229480268106e-01 -9.231672032800483096e-01 -2.261754665901633266e-01
-3.537739430759229697e-01 -9.029714946462971126e-01 -2.438984974466754940e-01
1.792473551190177095e-01 -9.773274870657955304e-01 -1.127003491941972607e-01
-1.546070177858425987e-01 -9.718986335968512469e-01 -1.775097632918870294e-01
-7.742380152364204404e-01 3.929391239558676086e-01 -4.961394366784036003e-01
9.944538077930529241e-01 8.440546270528187511e-02 -6.274824325353675625e-02
9.505576443614525139e-01 2.951845656897632564e-01 -9.646883913758004525e-02
6.544872288000198601e-01 7.536615795908202520e-01 -6.033813708045983326e-02
-2.667574570664353328e-01 8.760391807120003760e-01 -4.017409774430487079e-01
8.979562564950319681e-01 4.334217510552256236e-01 -7.628988880350040525e-02
3.476737652420993641e-01 9.170074341721530242e-01 -1.955001755379930928e-01
2.155675679320929461e-01 9.502159239660880052e-01 -2.249896030867120089e-01
9.776536723159374720e-01 -2.033259383935486497e-01 -5.340280688825753408e-02
2.527943170839500042e-02 9.628515335307348266e-01 -2.688454476274664828e-01
-5.812801073544041075e-02 -9.800416284963402447e-01 -1.901040262124449598e-01
7.620018244519008999e-01 -6.473170611354136517e-01 -1.827134080973912347e-02
-7.868705581136644645e-01 -3.679520194683914003e-01 -4.954251064924171111e-01
-6.359524572277508447e-01 5.921403026107440182e-01 -4.949084098800931031e-01
-7.287233745922837569e-01 3.572681353547254024e-01 -5.842274580871664735e-01
-5.781006967136380625e-01 -7.372449570436377941e-01 -3.496704988598996477e-01
2.005825410164499278e-01 9.582758721527684376e-01 -2.036516562398527908e-01
4.404146033029930907e-01 8.862744888110811736e-01 -1.433614581403376553e-01
-7.208032867953499956e-01 -5.359384155456223819e-01 -4.395595937839013589e-01
-6.590249571301348697e-01 -6.148935072067623908e-01 -4.331190144459042268e-01
-8.447795382827827382e-01 7.740471368937205943e-02 -5.294865833969685243e-01
-4.098688366358017587e-01 -8.855181288606455148e-01 -2.187811239891493398e-01
9.973094445300781929e-01 1.519039021094898897e-02 -7.171557638579066640e-02
2.527364884974616643e-01 -9.589140137343692416e-01 -1.288727342994411829e-01
6.692640312590929508e-01 -7.397050842772370238e-01 -7.015728584568826920e-02
7.546590384418743191e-01 6.425770990661793247e-01 -1.326062119724390753e-01
5.873768348912340453e-01 7.968907506008817698e-01 -1.412571606677663627e-01
-3.822774660897262367e-01 8.109437019793632739e-01 -4.429833531184028672e-01
7.805179426745201265e-01 -6.216952513468926300e-01 -6.547331987808917286e-02
8.731862160442861454e-01 -4.815192811794328231e-01 -7.539903157669708422e-02
9.605970309391841377e-01 -2.683746369745744209e-01 -7.230766473610952816e-02
-2.294946569220192648e-02 9.276404774295412548e-01 -3.727686503164333587e-01
8.147047695176647952e-01 5.635303028979973261e-01 -1.367104101407794203e-01
5.175264036096378639e-01 -8.509665429934337721e-01 -8.956765193237312128e-02
-7.249552597718075253e-01 2.507671743504202508e-02 -6.883393273465305828e-01
-1.974729142333640219e-01 9.305248161538841600e-01 -3.084282974468499638e-01
-3.688759056514156476e-01 7.672910043827340099e-01 -5.245903933767593896e-01
-5.050056154626942906e-01 6.853496312532911805e-01 -5.246572321927177596e-01
-6.849357968187244072e-01 -4.591741339690803558e-01 -5.657049309755431965e-01
-5.250335927564719896e-01 -7.239706721007276302e-01 -4.474440662420857140e-01
-3.548084946289822295e-01 -8.548474818871980574e-01 -3.786115619605825988e-01
7.143176758113315428e-01 -6.975634414281270956e-01 -5.617386586701657303e-02
1.874885419201458570e-01 -9.526035426390744298e-01 -2.395715700999244135e-01
8.922113236833435490e-01 4.130818936450224022e-01 -1.825439756164483063e-01
9.571994350777871530e-01 2.517853220493709299e-01 -1.427353953553908150e-01
4.740497303305418741e-01 8.536024788614319236e-01 -2.159621755196017290e-01
9.885782611448610258e-01 -6.771434951513398415e-02 -1.346394758662752544e-01
9.180044129160116473e-01 -3.876347374633975496e-01 -8.370906867485637670e-02
4.125490119423179669e-01 8.635795936206358547e-01 -2.898854915780278430e-01
2.054407911273300191e-01 9.219526549564289741e-01 -3.283251183808034712e-01
-1.122687485657707512e-01 8.940175510237767798e-01 -4.337376471519670540e-01
-7.955344338474042154e-02 -9.545110459883560106e-01 -2.873672088667135194e-01
3.788247675454788910e-01 -9.042045231075068745e-01 -1.972459781238644350e-01
-7.200045447637751783e-01 -2.782539430482030562e-01 -6.357422423416869695e-01
-1.183601908579954703e-01 8.632635778534406557e-01 -4.906799979332107653e-01
-6.408723619638221347e-01 1.053901988573113790e-01 -7.603785383976380263e-01
-6.154421855892445725e-01 4.545783545599894615e-01 -6.438861978351969606e-01
-4.669257793169032111e-01 6.432634298971146025e-01 -6.067886587324309300e-01
7.781465318046407176e-02 9.579453664590703577e-01 -2.761983972256202291e-01
-4.763142466084078208e-01 -2.564691471734497491e-02 -8.789010036650010127e-01
-6.221733525881666393e-01 4.063282503304966320e-01 -6.691768617582036782e-01
-3.271006442563527683e-01 -8.818466490581614581e-01 -3.396345919837539529e-01
-3.790241744994491957e-01 -8.181676350669299103e-01 -4.323683569295955764e-01
-3.536446851105545797e-01 8.208651668725155393e-01 -4.484593788833208250e-01
2.761107975652176694e-01 -9.416134447324677748e-01 -1.926835441000483984e-01
-3.232737526483661639e-02 -9.565449708062083722e-01 -2.897872661692305618e-01
5.321493088873683330e-01 -8.386964803992739137e-01 -1.157813750849703976e-01
9.835304060636455015e-01 -9.877300175340240906e-02 -1.513665566527264139e-01
5.870367783915199089e-01 7.740779341674971503e-01 -2.370467731286079183e-01
7.937726308894826888e-01 5.927631132450242868e-01 -1.362237204999757756e-01
9.688876897588883930e-01 1.422189074207245163e-01 -2.025596875139263620e-01
3.019778112501723677e-01 9.048808617603597559e-01 -3.000000458873033349e-01
1.202853478956345951e-01 9.112531788363941176e-01 -3.938896788977759855e-01
5.954281139957274815e-01 -7.914115168834777725e-01 -1.383227096599965178e-01
-5.373281697207873409e-01 3.997360771862861206e-01 -7.426233948780690541e-01
9.631766651569301230e-01 2.229297922042596525e-01 -1.503097450098980215e-01
-5.869284277084707568e-01 -4.608415726188477834e-01 -6.656876637687149101e-01
-5.098596162175050850e-01 -6.714669238308998978e-01 -5.377502598340672124e-01
9.193154605974067639e-01 -3.557398138340459592e-01 -1.682506129554846852e-01
-6.691404765152401124e-01 -2.646379198344712136e-01 -6.944190334910481655e-01
-1.884743929324480261e-01 7.718689843429311637e-01 -6.072031572860577819e-01
-5.303381867487930723e-01 -2.146399153751951949e-01 -8.201652970003860954e-01
-5.069414110598853274e-01 2.489671605066807181e-01 -8.252428483433548179e-01
-3.207993149719192139e-01 -8.705537673118116659e-01 -3.731272406736866332e-01
-1.104252341986704071e-02 -9.650091914137410853e-01 -2.619834406284474726e-01
2.578735549997391296e-01 -9.339953305994511679e-01 -2.472932511214537832e-01
7.378484691309620258e-01 -6.600321821825184676e-01 -1.411989910887414268e-01
7.159752241983430299e-01 6.596125007082728198e-01 -2.286718768093516929e-01
7.797863944481007170e-01 5.649449753888233783e-01 -2.697598076373740605e-01
-1.717482688337445829e-01 8.142410422337937881e-01 -5.545395002113350236e-01
6.068004790157388584e-01 7.715812582024527133e-01 -1.909333408731697934e-01
7.847184832450264658e-01 -5.939740565421803842e-01 -1.772335245049641572e-01
8.889398896342467493e-01 -4.307996847615738756e-01 -1.555554699339818381e-01
1.190609803163048819e-01 8.679834158579787795e-01 -4.821091917414928596e-01
8.912148610283370243e-01 3.963706830323083241e-01 -2.205138388281865092e-01
5.281312279963170653e-01 -8.258299999581301121e-01 -1.976922284366713356e-01
-4.438096537116825169e-01 3.600817574585291614e-01 -8.205937601626601685e-01
-2.596466437882755662e-01 6.953266768320959246e-01 -6.701525444666448506e-01
-3.720834466742500846e-01 7.650980376357190416e-01 -5.255272604889135168e-01
-4.945487266862163556e-01 -4.873521690030798159e-01 -7.196592390159634034e-01
-4.285881993520182509e-01 -6.670231157637143138e-01 -6.094196570615860731e-01
-5.510837828050038079e-01 -6.561092873965151950e-01 -5.155843939854702906e-01
-4.256092079447642562e-01 -7.183220114215135323e-03 -9.048785573000507343e-01
-4.786946575177441487e-01 1.561020681335769378e-01 -8.639928062133328535e-01
4.336363414117259119e-01 8.683469423019205546e-01 -2.406929812062624796e-01
1.033292085285478917e-01 9.134765415776905373e-01 -3.935526427965207463e-01
-4.173673735015379638e-01 2.650451777347245796e-01 -8.692269722552309341e-01
-4.825616834646609399e-01 -2.665776943720867265e-01 -8.343084288888700240e-01
-4.286281930702817156e-01 -1.320605879548752970e-01 -8.937773062761875664e-01
-3.572264606763491668e-01 1.052153857748426569e-01 -9.280727225756071341e-01
-3.724704889438033018e-01 -1.850931466382689516e-01 -9.093988464549030981e-01
-6.254265789174338896e-02 -9.135903376142592291e-01 -4.017973506155813057e-01
9.752959089677618598e-01 -1.803199779142269366e-01 -1.276032739225758939e-01
1.765775061328630213e-01 -9.146654692413245247e-01 -3.636034429229823561e-01
9.734031156018366771e-01 9.336084770336927630e-02 -2.092131130038117071e-01
6.491108383231968260e-01 7.007739355744863063e-01 -2.959239949561412453e-01
5.917793250993292897e-01 7.475369210585578461e-01 -3.016384956189672728e-01
9.689372325155448662e-01 -1.180512007009282410e-01 -2.173121107029846455e-01
3.426227275973274811e-01 8.336765169866995340e-01 -4.331202276027903975e-01
4.079950124015387924e-01 -8.646459020339631873e-01 -2.931339863464186846e-01
9.232957032671000597e-02 8.580146379721309557e-01 -5.052584798584168757e-01
-2.398206344111875055e-01 6.433440311293635583e-01 -7.270450611350276482e-01
-1.573629243305140479e-01 2.908753330447466645e-01 -9.437311326178959847e-01
-2.559624520087971922e-01 6.671872025189204969e-01 -6.995316003988821807e-01
5.944005697089770335e-01 -7.725120804874759939e-01 -2.234122830789642411e-01
3.513284008015371551e-01 8.623936597234967971e-01 -3.644798080263816908e-01
3.495079992687783604e-02 8.517200444184536146e-01 -5.228301899472704850e-01
-3.891397727194180756e-01 1.042633697896531986e-01 -9.152591911628016330e-01
-3.346243324641255956e-01 -2.627012118872135704e-01 -9.049942703663530486e-01
3.925017592864989135e-02 -1.132732502987011079e-02 -9.991652092608297453e-01
-1.217598814762945458e-01 2.591628399466515131e-01 -9.581279422152686465e-01
-1.634277240361731998e-01 -1.895231596034197830e-01 -9.681799166427141889e-01
-2.872954266118251110e-01 -8.373234011451788916e-01 -4.651353133687005093e-01
-1.319437115756541823e-01 5.438864926893746121e-01 -8.287209060025525487e-01
-7.787245437177627017e-02 4.655048861759208956e-01 -8.816127731586349547e-01
-1.015894153567328262e-01 4.491709976362023293e-01 -8.876513986751645158e-01
-2.451602959065407941e-02 -9.137194970493343060e-01 -4.056052822696246118e-01
-2.479365825631785758e-01 -8.698779982878017680e-01 -4.264266866903373421e-01
8.273032380209193182e-01 -5.460010724294510620e-01 -1.321067040917743851e-01
9.072108379417185287e-01 3.331821470996229606e-01 -2.568231928295615640e-01
5.120154606874828263e-01 7.654041817162302586e-01 -3.898674218606792419e-01
4.676467185490748579e-01 7.913404663523323501e-01 -3.938106308158217939e-01
3.335543950520755141e-01 8.107847204756672976e-01 -4.810089423125500918e-01
-1.908555549558153541e-01 -8.175637717205568311e-01 -5.432896431118167113e-01
8.181920968913973524e-02 8.158944379314814199e-01 -5.723826369469261488e-01
8.805860675072435528e-01 4.246108601309922514e-01 -2.104133911397924883e-01
-2.630214353452742793e-01 -6.924383564014849890e-01 -6.718250122858793194e-01
9.546357209756710649e-01 -2.061992748704546130e-01 -2.148313275110488585e-01
-3.684376297762333441e-01 -5.652248914994260076e-01 -7.380884330446679797e-01
1.851621962004646599e-02 7.547919051587836936e-01 -6.557029277941008871e-01
2.558545651152995676e-02 6.932199545991054590e-01 -7.202718090837033627e-01
4.195609509519414582e-01 -8.645639839945357119e-01 -2.765822228846221420e-01
2.552410212141932866e-01 -9.040077493159021094e-01 -3.429606541082124704e-01
8.041424507203438488e-01 4.958806694871348286e-01 -3.278067732345844587e-01
-3.328038577660608621e-01 -3.792151373749039767e-01 -8.633872085233602611e-01
2.642452516458760822e-02 1.037549766920659597e-03 -9.996502728256053683e-01
-1.837058409117701963e-01 -2.515421063094567811e-01 -9.502519312099825255e-01
-1.324951129563124996e-01 -1.812539634022850010e-01 -9.744701359167745602e-01
2.580453706801317734e-02 -2.949667666528836465e-03 -9.996626557631141941e-01
5.377970443382652510e-01 -7.937210128118719066e-01 -2.842205005307011367e-01
-7.515407547356270368e-02 6.210851519998007442e-01 -7.801314625786468504e-01
-1.009584179451341324e-01 1.939009578711042014e-01 -9.758123879018363311e-01
8.362341363401792904e-02 -9.320277270582493223e-01 -3.526066373266782406e-01
6.363686091612629214e-01 -7.405907513939042897e-01 -2.157784331761915253e-01
-2.386737742681195873e-01 -7.761491315505191224e-01 -5.836328940952401068e-01
7.450218501166392393e-01 -6.313064929632021816e-01 -2.153939525411112943e-01
9.559957839292008153e-01 8.842926555039487546e-02 -2.797361723192239302e-01
6.657631003717395801e-01 6.901795646056588796e-01 -2.835695025635729949e-01
8.815786757463827117e-01 -4.043204976119021965e-01 -2.436061856359933442e-01
3.194184925676473719e-01 7.809660018675699256e-01 -5.367158750519632759e-01
5.211624304792163848e-02 7.865100168942894543e-01 -6.153745936708100439e-01
9.768360349144438182e-01 1.538025056591904756e-02 -2.134357251847898984e-01
-2.822166300937931083e-01 -5.665522813522226864e-01 -7.741913756902069066e-01
-2.417108214983006431e-01 -6.453989852131060134e-01 -7.245936990179460135e-01
8.066528908372522233e-01 5.098378667817080601e-01 -2.989589659123497167e-01
4.137397840298359664e-01 7.999927879074779646e-01 -4.345468103748614808e-01
-1.996292630770179002e-02 5.972394103103598750e-01 -8.018145473520463806e-01
-6.750044415999990888e-02 3.049463548146851832e-01 -9.499744263523303145e-01
-8.931477327493712870e-02 2.490067990215114324e-01 -9.643746602414993152e-01
3.437595272964752684e-03 -8.507185461348939493e-01 -5.256102531352215834e-01
8.965110117724830463e-01 -3.836150027697782794e-01 -2.216022008478744643e-01
1.990575157865256128e-01 -8.737825280209254863e-01 -4.437118424543767259e-01
7.631004108388442786e-01 -5.955113385388803859e-01 -2.510856599832377301e-01
9.329771346850702640e-01 2.085423963616641896e-01 -2.933662132464657235e-01
9.531399981571883062e-01 -9.792465282911706759e-02 -2.862427401371290814e-01
6.847653486329166039e-01 5.975882290714633616e-01 -4.171147633288381229e-01
6.935367705912797165e-01 6.015778061622417683e-01 -3.963721622047177151e-01
5.210063782456484383e-01 7.018936970283078391e-01 -4.856928987532001529e-01
4.127103555773082855e-01 -8.225761626983695285e-01 -3.912015068474011259e-01
-1.764585964942759211e-01 -7.718794671688014031e-01 -6.107900227463426424e-01
2.736292137860859564e-01 7.392028482066190787e-01 -6.153910972430708393e-01
-2.623588848157694109e-01 -5.153357966980967042e-01 -8.158411807452256026e-01
9.361211083001457212e-01 -1.767209259908024965e-01 -3.040509577552097387e-01
8.916729478093304850e-01 -3.720077155830681104e-01 -2.579333512589754296e-01
6.014990758976749285e-01 -7.292866484704088048e-01 -3.260979086977432440e-01
3.718938956449653332e-01 7.677544104456812679e-01 -5.217739890251488211e-01
-9.961942002494859894e-02 -4.369405353575449014e-01 -8.939569003678841108e-01
-6.976396703332264637e-02 -2.746044864963417265e-01 -9.590231305343234203e-01
-1.241131499296191792e-01 -5.079573749029042684e-01 -8.523938240603918803e-01
2.799694058640522440e-02 7.063647011315856705e-01 -7.072941964367353007e-01
1.064459945760586473e-01 4.707015653595995053e-01 -8.758477530979550396e-01
1.446519178393088356e-01 4.594664001545937793e-01 -8.763369499196006496e-01
5.204841283505810823e-02 2.915816920497990572e-01 -9.551288287884140971e-01
7.868887451509662401e-02 3.391613833218651841e-01 -9.374313932713936870e-01
1.459673227141160962e-02 2.297077664865205260e-01 -9.731501823576723664e-01
1.988672929347866380e-01 5.923149101588225385e-01 -7.807783597182594848e-01
-8.720083189315051830e-02 -2.408761275967818416e-01 -9.666305944212201240e-01
2.871106907020440913e-01 -8.330124617586295299e-01 -4.729246132730067220e-01
7.984209264522365568e-02 -8.370508065514149498e-01 -5.412681290207814744e-01
4.804951129603918930e-02 -8.270789007275043403e-01 -5.600283353863401148e-01
6.021449238714334795e-01 6.335149179723896795e-01 -4.858809930037416569e-01
4.763438293202408857e-01 6.345644662957886650e-01 -6.086250852398956690e-01
1.889727950703410861e-02 -7.579498801824094967e-01 -6.520390110711967724e-01
2.674962431706699451e-01 7.185759003297972347e-01 -6.419458196411899076e-01
-3.453309015376174879e-02 -6.933076732989450486e-01 -7.198138202544013264e-01
-7.851774936824715626e-03 -6.271611657595757006e-01 -7.788499353491863397e-01
-2.012632499640682956e-02 -5.920766817177423036e-01 -8.056302712834506607e-01
7.673366917380559649e-01 -5.771164129903293416e-01 -2.795193148418749218e-01
5.417345116633305313e-01 -7.498619656792917532e-01 -3.797772390500537276e-01
3.953574754912596578e-01 -8.147053138703415076e-01 -4.242024494561605352e-01
6.661130925682494652e-01 6.470340621618269061e-01 -3.709990165910521664e-01
4.891653601879440982e-01 6.550491527896490362e-01 -5.758713900010680176e-01
9.172455963230401188e-02 -3.516567224234068978e-01 -9.316244708758389947e-01
5.024279517770889603e-02 -2.870919732538261826e-01 -9.565844763668053252e-01
1.515796491435936477e-01 4.945722266967788605e-01 -8.558165238797945662e-01
2.359577917259980673e-01 6.317287919628824522e-01 -7.384054807007514043e-01
-5.609153699935734427e-02 -3.906114090758603941e-01 -9.188451809618531918e-01
9.048644374441464633e-01 2.326317177229145494e-01 -3.565148436715849245e-01
5.814104274789563126e-02 -2.562807108077813090e-01 -9.648522251702826846e-01
1.497742582548926560e-01 -8.640680341870876635e-01 -4.805768449064715120e-01
7.499088457107704331e-01 -5.754525749114752786e-01 -3.263296755621424294e-01
8.316240540361867772e-01 4.659475230499454113e-01 -3.021495300543064477e-01
8.032361260047282681e-01 3.892217484230642843e-01 -4.509081463395943623e-01
9.251955686939649093e-01 -3.010041746607151208e-02 -3.782950231465109225e-01
8.582019687964125010e-02 -8.014213576149845641e-01 -5.919110586617678527e-01
9.396354397383358537e-01 1.574959274121684738e-01 -3.037766831676277923e-01
8.791101109247386747e-01 -2.899018204899371232e-01 -3.783151428987665543e-01
1.843786403567516663e-01 -2.246806032125533148e-01 -9.568297359092885479e-01
3.250506335099696137e-02 -6.801588459837194511e-01 -7.323437478989240912e-01
2.693390379368478249e-01 6.268818171138528239e-01 -7.310784294556140761e-01
2.004188360917848188e-01 2.419306394493356827e-01 -9.493691883747069626e-01
1.644776161085822197e-01 2.786143523892595231e-01 -9.462141176509423213e-01
6.790692597197578451e-01 5.180303633505493055e-01 -5.201052616063001066e-01
7.676810173247501368e-01 -5.282612629245663216e-01 -3.627752661532744893e-01
8.625688409923947253e-01 3.186983600391308236e-01 -3.929457339855028097e-01
2.539587651517327682e-01 -7.942837285458002050e-01 -5.519223715070705749e-01
9.289747786555169196e-01 -2.230545971939298378e-01 -2.953853538897742159e-01
8.909973923930079032e-01 -2.898985544012611104e-01 -3.494030264678877340e-01
4.357031347458737991e-01 -7.399091318003166995e-01 -5.125400033666842603e-01
9.283459071650806971e-01 2.454688660526795768e-02 -3.709060892029565903e-01
6.692359950672503999e-01 5.544937803320461045e-01 -4.946310043652986099e-01
6.401976331808733045e-01 -6.810355370455680735e-01 -3.554399917716952739e-01
4.608049834838613967e-01 6.016509630872076686e-01 -6.524376489846932525e-01
6.434165665182646210e-01 -6.374658770961608711e-01 -4.238541936419529810e-01
4.209558983621308204e-01 6.613673965533135579e-01 -6.207973086365820015e-01
2.568642339811946784e-01 -1.262180704732193404e-01 -9.581700078729616932e-01
1.448839360587576564e-01 -1.893837819073524442e-01 -9.711552029529524344e-01
3.683504905019170939e-01 4.609946218592964606e-01 -8.073424767493665444e-01
1.475312415631171992e-01 2.185539067025187854e-01 -9.646080668478321796e-01
4.563315536394263461e-01 5.410085440513840993e-01 -7.064497635475781578e-01
3.124691944677353561e-01 4.216565116894512855e-01 -8.512160646149532495e-01
1.168607761134607542e-01 -4.763015923612671787e-01 -8.714816992457621314e-01
2.901060934443581152e-01 -1.329491841945882602e-01 -9.477146031208165677e-01
3.102062807244051479e-01 -7.485679512865908158e-01 -5.860188441558239480e-01
5.319748232102081698e-01 -6.689842391744567074e-01 -5.190981363929570991e-01
2.846506060795232496e-01 -6.715330351220253347e-01 -6.841179833905558505e-01
1.725005209494124558e-01 -5.139931340056226317e-01 -8.402705686070763846e-01
8.428268584998497293e-01 3.617231846549522900e-01 -3.984962035883826692e-01
7.714192494273751644e-01 4.027149420057870577e-01 -4.926794262988670736e-01
6.471881991797011624e-01 4.911046320173657609e-01 -5.830640404394900056e-01
2.577578257302269860e-01 -6.369937606103746042e-01 -7.264983497698248582e-01
1.788762549291998960e-01 -5.880679133968598205e-01 -7.887835030320851093e-01
2.793197702397466342e-01 1.154777670167191211e-01 -9.532289081212589332e-01
3.110762788593254280e-01 1.527046315979350422e-01 -9.380366966273623319e-01
2.519346434627516285e-01 -3.053877532727711230e-01 -9.182958431651018216e-01
2.785471112791294557e-01 -7.475567186547094414e-03 -9.603934728502124818e-01
3.437797785315730437e-01 2.901773912065317429e-01 -8.930915661371761072e-01
2.918636107186619033e-01 3.750032168435626367e-01 -8.798796622807265599e-01
4.176189727678075170e-01 4.793617913188135127e-01 -7.718851382219893420e-01
2.104292445804229750e-01 8.223238720818389080e-02 -9.741444284701092915e-01
2.763695760549397806e-01 -6.903245362855723322e-01 -6.686343485293905209e-01
8.762735190309066668e-01 1.282671038718230794e-01 -4.644268186803238718e-01
3.913178340289173995e-01 -3.720237669010838522e-01 -8.417058094320395423e-01
3.041054662013671361e-01 -7.301028305885195469e-01 -6.119393125082589480e-01
7.709410686542724767e-01 -4.643959231981575342e-01 -4.358741735628980929e-01
2.479890102667610952e-01 1.604021646821068457e-03 -9.687615175580979177e-01
4.958628059990532466e-01 -7.158201176146110623e-01 -4.916519468536149629e-01
2.078152437876754910e-01 -5.460005923490710567e-01 -8.116009965518354852e-01
8.663171137667298183e-01 -1.612480132662090226e-01 -4.727512417885155194e-01
6.411361604783901713e-01 4.508473399983720098e-01 -6.210322855886160065e-01
7.793940828859721170e-01 -4.239964831745996476e-01 -4.612719868124508515e-01
6.579925493841578543e-01 -6.111193113207150640e-01 -4.399761269498967398e-01
2.248924846566794644e-01 -1.016635239803387186e-01 -9.690654767541997394e-01
5.231478069596838809e-01 4.585930500253608266e-01 -7.183375157554493518e-01
3.735867922763557170e-01 1.974644253328440568e-01 -9.063336633738331427e-01
2.019508402960345228e-01 -2.645842560039414759e-01 -9.429798670059538201e-01
7.813575411232199786e-01 2.807181192105616674e-01 -5.573847239355961269e-01
8.314150361537108180e-01 -3.965639716030814332e-01 -3.892120939589548412e-01
9.177197891744169889e-01 1.728084498489470796e-03 -3.972246244653392377e-01
8.784137435067926880e-01 -1.636678478097349787e-01 -4.490012592540382208e-01
4.511210902221974850e-01 -6.610825986556635447e-01 -5.995494639405583026e-01
8.751297226531529194e-01 1.385757984812904520e-01 -4.636213073234324855e-01
6.348998204140722246e-01 -5.382309603376637108e-01 -5.542649649510378307e-01
5.088329540615391666e-01 -3.789179073915553003e-02 -8.600309512195405404e-01
4.652133677479686202e-01 2.148672584409587472e-02 -8.849377622641572128e-01
4.367586807505497437e-01 -2.385654625965658859e-01 -8.673686499090947910e-01
4.635269202080249951e-01 3.058638988150598204e-01 -8.316189449766727693e-01
5.762094808192569362e-01 3.484939385482253571e-01 -7.392797907485014752e-01
5.278582273188650031e-01 2.089514506677557504e-01 -8.232283906156456776e-01
2.939958975582648293e-01 -3.620095631349312670e-01 -8.845990551757143550e-01
5.080621734502005493e-01 -6.221690381198152764e-01 -5.956328700752857586e-01
3.453564238522588425e-01 -3.602520690068627962e-01 -8.665722054625648596e-01
5.210892351792822952e-01 -5.499124539583075677e-01 -6.527344804450145865e-01
4.052692150607692390e-01 -4.794674530879896590e-01 -7.783751182773922528e-01
8.353794258584199550e-01 2.075370337055288117e-01 -5.089887960389373189e-01
7.737170118168331667e-01 2.578746161780168245e-01 -5.786731961619365761e-01
3.719629738630098603e-01 -4.430040320463479731e-01 -8.157150076256193261e-01
6.419875606076802521e-01 3.506273879472869281e-01 -6.818448554079313828e-01
7.162201092387671109e-01 3.821100691570885055e-01 -5.839697339509759555e-01
4.422633847607608248e-01 -5.441076361203002199e-01 -7.129866610361894619e-01
6.735687171444703081e-01 -4.724382151703658828e-01 -5.684252951188852876e-01
8.342284681253167022e-01 -2.683499396564556147e-03 -5.514124244159505084e-01
5.008702965545781538e-01 -4.562399771711116436e-01 -7.355093672144715766e-01
4.053185759380263931e-01 1.111204887659013145e-02 -9.141079664729624410e-01
5.747982863706222467e-01 1.672149617620808104e-01 -8.010281434183832427e-01
7.742968959894348524e-01 -2.787607268442159891e-01 -5.681168665251991046e-01
7.187109624396245122e-01 -4.482009806937228280e-01 -5.315735446523780494e-01
6.138170397579968407e-01 -1.327436847289655275e-01 -7.782080415077363700e-01
4.089637259523029034e-01 -2.182290853299275468e-01 -8.860726477954689040e-01
7.264608324016168517e-01 1.832290370566618531e-01 -6.623305662323298870e-01
7.976792726265048428e-01 -3.012426608084855517e-01 -5.224563496896884596e-01
8.458674294712116293e-01 -1.854248212336763180e-01 -5.001259115764989938e-01
8.305144561918342827e-01 -2.973776367115191221e-02 -5.562026640247426101e-01
6.269347914884414452e-01 -4.404645182280891857e-01 -6.426070147480821282e-01
5.832157733104512687e-01 1.323945735843334304e-01 -8.014555749680171148e-01
6.814595498733447831e-01 1.815424322191075968e-01 -7.089818243018569666e-01
5.327873169868725389e-01 -3.331146095952556840e-01 -7.779282304506823786e-01
7.742820765736464494e-01 2.830828068181746350e-03 -6.328343008317820484e-01
7.112639057505201201e-01 7.198818148277831563e-02 -6.992291170305465764e-01
6.096026204202337206e-01 -1.318169501908638130e-01 -7.816706063420600925e-01
5.657602590017130062e-01 -3.488875881638323073e-01 -7.471230020281390827e-01
5.591406541046857193e-01 -1.118350718540357946e-01 -8.214953716429490571e-01
6.959457705272728001e-01 -3.398594590534516624e-01 -6.325780841738795068e-01
7.198610704732071319e-01 -2.559200786958376050e-01 -6.452169809742183126e-01
7.773271137847053147e-01 -5.264588925180457152e-02 -6.268899173858411000e-01
6.926774530811864450e-01 -2.308593586473814963e-01 -6.833022043853514971e-01
6.706933822063589901e-01 2.973494023302232850e-02 -7.411384623630954405e-01
