0.000000000000000000e+00 1.202977651595132924e+00
1.000000000000000021e-03 1.203367730592748597e+00
2.000000000000000042e-03 1.203658798217899006e+00
3.000000000000000062e-03 1.203866967665595533e+00
4.000000000000000083e-03 1.204033522067655460e+00
5.000000000000000104e-03 1.204238324166843510e+00
6.000000000000000125e-03 1.204612107670768539e+00
7.000000000000000146e-03 1.205327105867469939e+00
8.000000000000000167e-03 1.206595431757427006e+00
9.000000000000001055e-03 1.208681250038788901e+00
1.000000000000000194e-02 1.214339896317152556e+00
1.100000000000000283e-02 1.224310390189332853e+00
1.200000000000000372e-02 1.236523515757169456e+00
1.300000000000000461e-02 1.252330579527903387e+00
1.400000000000000550e-02 1.272979877216849465e+00
1.500000000000000638e-02 1.299416586282011288e+00
1.600000000000000727e-02 1.332515629481750175e+00
1.700000000000000816e-02 1.373192333914776908e+00
1.800000000000000905e-02 1.422418681699129106e+00
1.900000000000000994e-02 1.481181967040494873e+00
2.000000000000001082e-02 1.550458381278261299e+00
2.100000000000001171e-02 1.631174150796493638e+00
2.200000000000001260e-02 1.724188011209963678e+00
2.300000000000001349e-02 1.830240440400282109e+00
2.400000000000001438e-02 1.949957653459006846e+00
2.500000000000001527e-02 2.083822957004424659e+00
2.600000000000001615e-02 2.232155398214256792e+00
2.700000000000001704e-02 2.395120000230537727e+00
2.800000000000001793e-02 2.572655318156688686e+00
2.900000000000001882e-02 2.764427800348248532e+00
3.000000000000001971e-02 2.969738953158487682e+00
3.100000000000002059e-02 3.187653285707728656e+00
3.200000000000002148e-02 3.417210784176633709e+00
3.300000000000002237e-02 3.657568857927156358e+00
3.400000000000002326e-02 3.908037662266460543e+00
3.500000000000002415e-02 4.168027170978879425e+00
3.600000000000002504e-02 4.436932866681107868e+00
3.700000000000002592e-02 4.713911245426743335e+00
3.800000000000002681e-02 4.997694739072392700e+00
3.900000000000002770e-02 5.286554999104552621e+00
4.000000000000002859e-02 5.578414734315349399e+00
4.100000000000002948e-02 5.871075164132071755e+00
4.200000000000003036e-02 6.162551086623247798e+00
4.300000000000003125e-02 6.451370668699635047e+00
4.400000000000003214e-02 6.736760357435212399e+00
4.500000000000003303e-02 7.018710359688519418e+00
4.600000000000003392e-02 7.297909310197995048e+00
4.700000000000003481e-02 7.575552112455033793e+00
4.800000000000003569e-02 7.853000035085012875e+00
4.900000000000003658e-02 8.131528561360994445e+00
5.000000000000003747e-02 8.401529000395045799e+00
5.100000000000003836e-02 8.655322673162547886e+00
5.200000000000003925e-02 8.916701971025974061e+00
5.300000000000004013e-02 9.181802638827649687e+00
5.400000000000004102e-02 9.446036718297996515e+00
5.500000000000004191e-02 9.708225131588143597e+00
5.600000000000004280e-02 9.968002825442452419e+00
5.700000000000004369e-02 1.022474490431150862e+01
5.800000000000004458e-02 1.047760351419977631e+01
5.900000000000004546e-02 1.072577415129093836e+01
6.000000000000004635e-02 1.096860235407865858e+01
6.100000000000004724e-02 1.120560181754940565e+01
6.200000000000004813e-02 1.143644472076261032e+01
6.300000000000004208e-02 1.166093731599930727e+01
6.400000000000004297e-02 1.187899556396984480e+01
6.500000000000004385e-02 1.209062652126420723e+01
6.600000000000004474e-02 1.229590171304331214e+01
6.700000000000004563e-02 1.249492914839936120e+01
6.800000000000004652e-02 1.268783180860676296e+01
6.900000000000004741e-02 1.287473100761190992e+01
7.000000000000004829e-02 1.305573748637791809e+01
7.100000000000004918e-02 1.323094796392222428e+01
7.200000000000005007e-02 1.340044328364830051e+01
7.300000000000005096e-02 1.356428732998122300e+01
7.400000000000005185e-02 1.372252738925054061e+01
7.500000000000005274e-02 1.387519567627191286e+01
7.600000000000005362e-02 1.402231115125458238e+01
7.700000000000005451e-02 1.416388137226084432e+01
7.800000000000005540e-02 1.429990463698593040e+01
7.900000000000005629e-02 1.443037230711191832e+01
8.000000000000005718e-02 1.455527128462954067e+01
8.100000000000005806e-02 1.467458659532402621e+01
8.200000000000005895e-02 1.478830396147511728e+01
8.300000000000005984e-02 1.489641234277828197e+01
8.400000000000006073e-02 1.499890637098712176e+01
8.500000000000006162e-02 1.509578848003324403e+01
8.600000000000006251e-02 1.518707069133417420e+01
8.700000000000006339e-02 1.527277608211882765e+01
8.800000000000006428e-02 1.535293980630275534e+01
8.900000000000006517e-02 1.542760958541914462e+01
9.000000000000006606e-02 1.549684578436905724e+01
9.100000000000006695e-02 1.556072102788693634e+01
9.200000000000006783e-02 1.561931934447474468e+01
9.300000000000006872e-02 1.567273499936637826e+01
9.400000000000006961e-02 1.572107119173710110e+01
9.500000000000007050e-02 1.576443868604707887e+01
9.600000000000007139e-02 1.580295444768951718e+01
9.700000000000007228e-02 1.583674040274089201e+01
9.800000000000007316e-02 1.586592239951037442e+01
9.900000000000007405e-02 1.589062936482864252e+01
1.000000000000000749e-01 1.591099255930403800e+01
1.010000000000000758e-01 1.592714484699764554e+01
1.020000000000000767e-01 1.593921998064188017e+01
1.030000000000000776e-01 1.594735211575716960e+01
1.040000000000000785e-01 1.595167554061508142e+01
1.050000000000000794e-01 1.595232460201119196e+01
1.060000000000000803e-01 1.594943364548010045e+01
1.070000000000000812e-01 1.594313678842185844e+01
1.080000000000000820e-01 1.593356770111501319e+01
1.090000000000000829e-01 1.592085953111764418e+01
1.100000000000000838e-01 1.590514528075644662e+01
1.110000000000000847e-01 1.588655865855078630e+01
1.120000000000000856e-01 1.586523479913659074e+01
1.130000000000000865e-01 1.584131033500054642e+01
1.140000000000000874e-01 1.581492321224130215e+01
1.150000000000000883e-01 1.578621285657951567e+01
1.160000000000000892e-01 1.575532058996744489e+01
1.170000000000000900e-01 1.572238963574810633e+01
1.180000000000000909e-01 1.568756476736508532e+01
1.190000000000000918e-01 1.565099192886324353e+01
1.200000000000000927e-01 1.561281798973429247e+01
1.210000000000000936e-01 1.557319035167882681e+01
1.220000000000000945e-01 1.553225623403186262e+01
1.230000000000000954e-01 1.549016199854854392e+01
1.240000000000000963e-01 1.544705256799293913e+01
1.250000000000000833e-01 1.540307080679948193e+01
1.260000000000000842e-01 1.535835676265653227e+01
1.270000000000000850e-01 1.531304677175282158e+01
1.280000000000000859e-01 1.526727255080821699e+01
1.290000000000000868e-01 1.522116036823648955e+01
1.300000000000000877e-01 1.517483029618767354e+01
1.310000000000000886e-01 1.512839555747989628e+01
1.320000000000000895e-01 1.508196201918892498e+01
1.330000000000000904e-01 1.503562784613532877e+01
1.340000000000000913e-01 1.498948329016529613e+01
1.350000000000000921e-01 1.494361059817632054e+01
1.360000000000000930e-01 1.489808397446747001e+01
1.370000000000000939e-01 1.485296965689837201e+01
1.380000000000000948e-01 1.480832614949028425e+01
1.390000000000000957e-01 1.476420457673698827e+01
1.400000000000000966e-01 1.472064918372505282e+01
1.410000000000000975e-01 1.467769794094571978e+01
1.420000000000000984e-01 1.463538315261759060e+01
1.430000000000000993e-01 1.459373199205405136e+01
1.440000000000001001e-01 1.455276699269387919e+01
1.450000000000001010e-01 1.451250656166645037e+01
1.460000000000001019e-01 1.447296549581011327e+01
1.470000000000001028e-01 1.443415547929875586e+01
1.480000000000001037e-01 1.439608556502004788e+01
1.490000000000001046e-01 1.435876260865994247e+01
1.500000000000001055e-01 1.432219163516648130e+01
1.510000000000001064e-01 1.428637609895343275e+01
1.520000000000001072e-01 1.425131800858197373e+01
1.530000000000001081e-01 1.421701801647536101e+01
1.540000000000001090e-01 1.418347547247788043e+01
1.550000000000001099e-01 1.415068845422684163e+01
1.560000000000001108e-01 1.411865378254160497e+01
1.570000000000001117e-01 1.408736705143220114e+01
1.580000000000001126e-01 1.405682264148813942e+01
1.590000000000001135e-01 1.402701372024230864e+01
1.600000000000001144e-01 1.399793224187297902e+01
1.610000000000001152e-01 1.396956896112970981e+01
1.620000000000001161e-01 1.394191346570593382e+01
1.630000000000001170e-01 1.391495422361526835e+01
1.640000000000001179e-01 1.388867864761850335e+01
1.650000000000001188e-01 1.386307317669167283e+01
1.660000000000001197e-01 1.383812337265761450e+01
1.670000000000001206e-01 1.381381403501868022e+01
1.680000000000001215e-01 1.379012933274720787e+01
1.690000000000001223e-01 1.376705294312069405e+01
1.700000000000001232e-01 1.374456819103449590e+01
1.710000000000001241e-01 1.372265818466345166e+01
1.720000000000001250e-01 1.370130594269609148e+01
1.730000000000001259e-01 1.368049450959543911e+01
1.740000000000001268e-01 1.366020705803812163e+01
1.750000000000001277e-01 1.364042697748850408e+01
1.760000000000001286e-01 1.362113795126656690e+01
1.770000000000001295e-01 1.360232401284222803e+01
1.780000000000001303e-01 1.358396958778987695e+01
1.790000000000001312e-01 1.356605952012777827e+01
1.800000000000001321e-01 1.354857908424489743e+01
1.810000000000001330e-01 1.353151398720236820e+01
1.820000000000001339e-01 1.351485036154332597e+01
1.830000000000001348e-01 1.349857475030711917e+01
1.840000000000001357e-01 1.348267408855119420e+01
1.850000000000001366e-01 1.346713568224321911e+01
1.860000000000001374e-01 1.345194718609620033e+01
1.870000000000001383e-01 1.343709658258646300e+01
1.880000000000001392e-01 1.342257216275381637e+01
1.890000000000001401e-01 1.340836251104354560e+01
1.900000000000001410e-01 1.339445649359127266e+01
1.910000000000001419e-01 1.338084324974115624e+01
1.920000000000001428e-01 1.336751218718688072e+01
1.930000000000001437e-01 1.335445298059828367e+01
1.940000000000001446e-01 1.334165557320972262e+01
1.950000000000001454e-01 1.332911018098662126e+01
1.960000000000001463e-01 1.331680729821023590e+01
1.970000000000001472e-01 1.330473770296941183e+01
1.980000000000001481e-01 1.329289246370593780e+01
1.990000000000001490e-01 1.328126294426260223e+01
2.000000000000001499e-01 1.326984080782935926e+01
2.010000000000001508e-01 1.325861801933926643e+01
2.020000000000001517e-01 1.324758684588235624e+01
2.030000000000001525e-01 1.323673985484194127e+01
2.040000000000001534e-01 1.322606990975337204e+01
2.050000000000001543e-01 1.321557016385518857e+01
2.060000000000001552e-01 1.320523405175259590e+01
2.070000000000001561e-01 1.319505527965787373e+01
2.080000000000001570e-01 1.318502781440995797e+01
2.090000000000001579e-01 1.317514587166507312e+01
2.100000000000001588e-01 1.316540390360832369e+01
2.110000000000001597e-01 1.315579658661508589e+01
2.120000000000001605e-01 1.314631880911323591e+01
2.130000000000001614e-01 1.313696565997416421e+01
2.140000000000001623e-01 1.312773241766921117e+01
2.150000000000001632e-01 1.311861454035664387e+01
2.160000000000001641e-01 1.310960765695012142e+01
2.170000000000001650e-01 1.310070755924067853e+01
2.180000000000001659e-01 1.309191019498537578e+01
2.190000000000001668e-01 1.308321166194196650e+01
2.200000000000001676e-01 1.307460820270902424e+01
2.210000000000001685e-01 1.306609620026691410e+01
2.220000000000001694e-01 1.305767217401646363e+01
2.230000000000001703e-01 1.304933277619790033e+01
2.240000000000001712e-01 1.304107478847539170e+01
2.250000000000001721e-01 1.303289511862326044e+01
2.260000000000001730e-01 1.302479079714210108e+01
2.270000000000001739e-01 1.301675897377454127e+01
2.280000000000001747e-01 1.300879691381812187e+01
2.290000000000001756e-01 1.300090199469616614e+01
2.300000000000001765e-01 1.299307170001785217e+01
2.310000000000001774e-01 1.298530361814038869e+01
2.320000000000001783e-01 1.297759543572456131e+01
2.330000000000001792e-01 1.296994493384475788e+01
2.340000000000001801e-01 1.296234998339092037e+01
2.350000000000001810e-01 1.295480854059866616e+01
2.360000000000001819e-01 1.294731864267960297e+01
2.370000000000001827e-01 1.293987840366307118e+01
2.380000000000001836e-01 1.293248601047949720e+01
2.390000000000001845e-01 1.292513971932334726e+01
2.400000000000001854e-01 1.291783785231633530e+01
2.410000000000001863e-01 1.291057879452956669e+01
2.420000000000001872e-01 1.290336099131040726e+01
2.430000000000001881e-01 1.289618294595017645e+01
2.440000000000001890e-01 1.288904321761807026e+01
2.450000000000001898e-01 1.288194041957406100e+01
2.460000000000001907e-01 1.287487321757150305e+01
2.470000000000001916e-01 1.286784032845813641e+01
2.480000000000001925e-01 1.286084051887598356e+01
2.490000000000001934e-01 1.285387260406419330e+01
2.500000000000001665e-01 1.284693544664326659e+01
2.510000000000001674e-01 1.284002795560426158e+01
2.520000000000001683e-01 1.283314908480464744e+01
2.530000000000001692e-01 1.282629783202600571e+01
2.540000000000001701e-01 1.281947323750318013e+01
2.550000000000001710e-01 1.281267438255657609e+01
2.560000000000001719e-01 1.280590038812468734e+01
2.570000000000001728e-01 1.279915041325418379e+01
2.580000000000001736e-01 1.279242365350855692e+01
2.590000000000001745e-01 1.278571933936526861e+01
2.600000000000001754e-01 1.277903673456964206e+01
2.610000000000001763e-01 1.277237513451812312e+01
2.620000000000001772e-01 1.276573386463912918e+01
2.630000000000001781e-01 1.275911227884268406e+01
2.640000000000001790e-01 1.275250975800353359e+01
2.650000000000001799e-01 1.274592570854416529e+01
2.660000000000001807e-01 1.273935956107625778e+01
2.670000000000001816e-01 1.273281076916021348e+01
2.680000000000001825e-01 1.272627880813387158e+01
2.690000000000001834e-01 1.271976317406279655e+01
2.700000000000001843e-01 1.271326338275663659e+01
2.710000000000001852e-01 1.270677896889809944e+01
2.720000000000001861e-01 1.270030948522425973e+01
2.730000000000001870e-01 1.269385450180318209e+01
2.740000000000001878e-01 1.268741360534306395e+01
2.750000000000001887e-01 1.268098639857582910e+01
2.760000000000001896e-01 1.267457249965234745e+01
2.770000000000001905e-01 1.266817154159238257e+01
2.780000000000001914e-01 1.266178317172827406e+01
2.790000000000001923e-01 1.265540705118807452e+01
2.800000000000001932e-01 1.264904285436021780e+01
2.810000000000001941e-01 1.264269026839021492e+01
2.820000000000001950e-01 1.263634899265014688e+01
2.830000000000001958e-01 1.263001873822366683e+01
2.840000000000001967e-01 1.262369922740185046e+01
2.850000000000001976e-01 1.261739019318764221e+01
2.860000000000001985e-01 1.261109137876997721e+01
2.870000000000001994e-01 1.260480253704598397e+01
2.880000000000002003e-01 1.259852343013039011e+01
2.890000000000002012e-01 1.259225382890754830e+01
2.900000000000002021e-01 1.258599351257615062e+01
2.910000000000002029e-01 1.257974226824310904e+01
2.920000000000002038e-01 1.257349989051589034e+01
2.930000000000002047e-01 1.256726618114821825e+01
2.940000000000002056e-01 1.256104094868678267e+01
2.950000000000002065e-01 1.255482400817223265e+01
2.960000000000002074e-01 1.254861518084073424e+01
2.970000000000002083e-01 1.254241429387827900e+01
2.980000000000002092e-01 1.253622118017216103e+01
2.990000000000002101e-01 1.253003567811179764e+01
3.000000000000002109e-01 1.252385763138282115e+01
3.010000000000002118e-01 1.251768688880523328e+01
3.020000000000002127e-01 1.251152330415960989e+01
3.030000000000002136e-01 1.250536673605223648e+01
3.040000000000002145e-01 1.249921704776325981e+01
3.050000000000002154e-01 1.249307410712918021e+01
3.060000000000002163e-01 1.248693778640416774e+01
3.070000000000002172e-01 1.248080796215211308e+01
3.080000000000002180e-01 1.247468451511445764e+01
3.090000000000002189e-01 1.246856733010646678e+01
3.100000000000002198e-01 1.246245629588754156e+01
3.110000000000002207e-01 1.245635130505888633e+01
3.120000000000002216e-01 1.245025225393458967e+01
3.130000000000002225e-01 1.244415904243990312e+01
3.140000000000002234e-01 1.243807157398315866e+01
3.150000000000002243e-01 1.243198975535539930e+01
3.160000000000002252e-01 1.242591349660430566e+01
3.170000000000002260e-01 1.241984271093662429e+01
3.180000000000002269e-01 1.241377731459567180e+01
3.190000000000002278e-01 1.240771722676814548e+01
3.200000000000002287e-01 1.240166236946667411e+01
3.210000000000002296e-01 1.239561266744228796e+01
3.220000000000002305e-01 1.238956804807300749e+01
3.230000000000002314e-01 1.238352844128271180e+01
3.240000000000002323e-01 1.237749377943620033e+01
3.250000000000002331e-01 1.237146399726460722e+01
3.260000000000002340e-01 1.236543903176686676e+01
3.270000000000002349e-01 1.235941882214135745e+01
3.280000000000002358e-01 1.235340330969329159e+01
3.290000000000002367e-01 1.234739243777200457e+01
3.300000000000002376e-01 1.234138615168361675e+01
3.310000000000002385e-01 1.233538439863331426e+01
3.320000000000002394e-01 1.232938712764264899e+01
3.330000000000002403e-01 1.232339428949616256e+01
3.340000000000002411e-01 1.231740583666279854e+01
3.350000000000002420e-01 1.231142172324648953e+01
3.360000000000002429e-01 1.230544190491133349e+01
3.370000000000002438e-01 1.229946633883587737e+01
3.380000000000002447e-01 1.229349498364191717e+01
3.390000000000002456e-01 1.228752779935246053e+01
3.400000000000002465e-01 1.228156474732413450e+01
3.410000000000002474e-01 1.227560579020881804e+01
3.420000000000002482e-01 1.226965089188978908e+01
3.430000000000002491e-01 1.226370001744717086e+01
3.440000000000002500e-01 1.225775313309791414e+01
3.450000000000002509e-01 1.225181020616502536e+01
3.460000000000002518e-01 1.224587120502128812e+01
3.470000000000002527e-01 1.223993609906243663e+01
3.480000000000002536e-01 1.223400485865469633e+01
3.490000000000002545e-01 1.222807745511171262e+01
3.500000000000002554e-01 1.222215386064573828e+01
3.510000000000002562e-01 1.221623404859322548e+01
3.520000000000002571e-01 1.221031799234869730e+01
3.530000000000002580e-01 1.220440566704615293e+01
3.540000000000002589e-01 1.219849704810687463e+01
3.550000000000002598e-01 1.219259211177569568e+01
3.560000000000002607e-01 1.218669083505680284e+01
3.570000000000002616e-01 1.218079319567858931e+01
3.580000000000002625e-01 1.217489917204314409e+01
3.590000000000002633e-01 1.216900874321482640e+01
3.600000000000002642e-01 1.216312188888729828e+01
3.610000000000002651e-01 1.215723858938009805e+01
3.620000000000002660e-01 1.215135882560765701e+01
3.630000000000002669e-01 1.214548257907592266e+01
3.640000000000002678e-01 1.213960983185145714e+01
3.650000000000002687e-01 1.213374056655885802e+01
3.660000000000002696e-01 1.212787476635112327e+01
3.670000000000002705e-01 1.212201241490856596e+01
3.680000000000002713e-01 1.211615349641055595e+01
3.690000000000002722e-01 1.211029799553572417e+01
3.700000000000002731e-01 1.210444589743475063e+01
3.710000000000002740e-01 1.209859718773151194e+01
3.720000000000002749e-01 1.209275185249668993e+01
3.730000000000002758e-01 1.208690987824964758e+01
3.740000000000002767e-01 1.208107125186563735e+01
3.750000000000002776e-01 1.207523596084826778e+01
3.760000000000002784e-01 1.206940399288342647e+01
3.770000000000002793e-01 1.206357533614418287e+01
3.780000000000002802e-01 1.205774997919682434e+01
3.790000000000002811e-01 1.205192791097561411e+01
3.800000000000002820e-01 1.204610912076674900e+01
3.810000000000002829e-01 1.204029356651266625e+01
3.820000000000002838e-01 1.203448110300532647e+01
3.830000000000002847e-01 1.202867137037376821e+01
3.840000000000002855e-01 1.202286365403172752e+01
3.850000000000002864e-01 1.201705679811579230e+01
3.860000000000002873e-01 1.201124927845055268e+01
3.870000000000002882e-01 1.200543931443312751e+01
3.880000000000002891e-01 1.199962481186115149e+01
3.890000000000002900e-01 1.199380332157593720e+01
3.900000000000002909e-01 1.198797218462027381e+01
3.910000000000002918e-01 1.198212875803851674e+01
3.920000000000002927e-01 1.197627051073382098e+01
3.930000000000002935e-01 1.197039490968391284e+01
3.940000000000002944e-01 1.196449927418808912e+01
3.950000000000002953e-01 1.195858090100809612e+01
3.960000000000002962e-01 1.195263732036463544e+01
3.970000000000002971e-01 1.194666631027990533e+01
3.980000000000002980e-01 1.194066370828739210e+01
3.990000000000002989e-01 1.193462039936718178e+01
4.000000000000002998e-01 1.192851688281566247e+01
4.010000000000003006e-01 1.192231788211301691e+01
4.020000000000003015e-01 1.191596980693508634e+01
4.030000000000003024e-01 1.190940638575588295e+01
4.040000000000003033e-01 1.190255019922103230e+01
4.050000000000003042e-01 1.189530828789629524e+01
4.060000000000003051e-01 1.188757260021613149e+01
4.070000000000003060e-01 1.187922779224009062e+01
4.080000000000003069e-01 1.187016003557607213e+01
4.090000000000003078e-01 1.186025824443179566e+01
4.100000000000003086e-01 1.184940774125854546e+01
4.110000000000003095e-01 1.183748572933409804e+01
4.120000000000003104e-01 1.182437143420577996e+01
4.130000000000003113e-01 1.180995344673597103e+01
4.140000000000003122e-01 1.179412716577608045e+01
4.150000000000003131e-01 1.177679301897707553e+01
4.160000000000003140e-01 1.175785450552820777e+01
4.170000000000003149e-01 1.173722012116281910e+01
4.180000000000003157e-01 1.171480307034213375e+01
4.190000000000003166e-01 1.168623458523031289e+01
4.200000000000003175e-01 1.165306855020885024e+01
4.210000000000003184e-01 1.161717243719764703e+01
4.220000000000003193e-01 1.157706842297049299e+01
4.230000000000003202e-01 1.153238796150200329e+01
4.240000000000003211e-01 1.148306560471815452e+01
4.250000000000003220e-01 1.142908304726007884e+01
4.260000000000003229e-01 1.137043173628763348e+01
4.270000000000003237e-01 1.130710609924959442e+01
4.280000000000003246e-01 1.123909791982919337e+01
4.290000000000003255e-01 1.116640515571804926e+01
4.300000000000003264e-01 1.108903877065528754e+01
4.310000000000003273e-01 1.100702381869859181e+01
4.320000000000003282e-01 1.092039411975279428e+01
4.330000000000003291e-01 1.082919507820317762e+01
4.340000000000003300e-01 1.073348622379536010e+01
4.350000000000003308e-01 1.063333821864685902e+01
4.360000000000003317e-01 1.052883151504464010e+01
4.370000000000003326e-01 1.042005626595472556e+01
4.380000000000003335e-01 1.030711225897973549e+01
4.390000000000003344e-01 1.019010864076211753e+01
4.400000000000003353e-01 1.006916453945651924e+01
4.410000000000003362e-01 9.944409994657178231e+00
4.420000000000003371e-01 9.815984388368995894e+00
4.430000000000003380e-01 9.684034560732934338e+00
4.440000000000003388e-01 9.548715478912370713e+00
4.450000000000003397e-01 9.410190429523252575e+00
4.460000000000003406e-01 9.268630152759516960e+00
4.470000000000003415e-01 9.124211590551199791e+00
4.480000000000003424e-01 8.977118304576142904e+00
4.490000000000003433e-01 8.827542085979477093e+00
4.500000000000003442e-01 8.675687580608551386e+00
4.510000000000003451e-01 8.521776839017237037e+00
4.520000000000003459e-01 8.366050932916248684e+00
4.530000000000003468e-01 8.208763550691207556e+00
4.540000000000003477e-01 8.050179098460983340e+00
4.550000000000003486e-01 7.890575681901268013e+00
4.560000000000003495e-01 7.730242473328971187e+00
4.570000000000003504e-01 7.569470582730913222e+00
4.580000000000003513e-01 7.408544951352826757e+00
4.590000000000003522e-01 7.247743005695674867e+00
4.600000000000003531e-01 7.087338596684518599e+00
4.610000000000003539e-01 6.927603242843384912e+00
4.620000000000003548e-01 6.768796183473384076e+00
4.630000000000003557e-01 6.611158789540588110e+00
4.640000000000003566e-01 6.454916583707944966e+00
4.650000000000003575e-01 6.300279774749578898e+00
4.660000000000003584e-01 6.147444007459617943e+00
4.670000000000003593e-01 5.996588299005365386e+00
4.680000000000003602e-01 5.847875668016814465e+00
4.690000000000003610e-01 5.701448295107388375e+00
4.700000000000003619e-01 5.557428720969341818e+00
4.710000000000003628e-01 5.415922902708754094e+00
4.720000000000003637e-01 5.277023901011793861e+00
4.730000000000003646e-01 5.140816922528652633e+00
4.740000000000003655e-01 5.007371327347029499e+00
4.750000000000003664e-01 4.876735318960282228e+00
4.760000000000003673e-01 4.748926595044812515e+00
4.770000000000003681e-01 4.623942810235257106e+00
4.780000000000003690e-01 4.501774107721551843e+00
4.790000000000003699e-01 4.382404740303519119e+00
4.800000000000003708e-01 4.265812658177328132e+00
4.810000000000003717e-01 4.151969982379533519e+00
4.820000000000003726e-01 4.040845663433077384e+00
4.830000000000003735e-01 3.932404670626763465e+00
4.840000000000003744e-01 3.826607135562129614e+00
4.850000000000003753e-01 3.723409958649943619e+00
4.860000000000003761e-01 3.622767988341131673e+00
4.870000000000003770e-01 3.524634837248102226e+00
4.880000000000003779e-01 3.428963216769922884e+00
4.890000000000003788e-01 3.335705138235811607e+00
4.900000000000003797e-01 3.244811824845505566e+00
4.910000000000003806e-01 3.156233525447302402e+00
4.920000000000003815e-01 3.069920163419515458e+00
4.930000000000003824e-01 2.985822014012457615e+00
4.940000000000003832e-01 2.903889455062568015e+00
4.950000000000003841e-01 2.824072837625547727e+00
4.960000000000003850e-01 2.746322588061404169e+00
4.970000000000003859e-01 2.670589410666698527e+00
4.980000000000003868e-01 2.596824701797955104e+00
4.990000000000003877e-01 2.524980778980727703e+00
5.000000000000003331e-01 2.455010899829861870e+00
5.010000000000003340e-01 2.386869223864318545e+00
5.020000000000003348e-01 2.320510783333132210e+00
5.030000000000003357e-01 2.255891472535075160e+00
5.040000000000003366e-01 2.192968045642905039e+00
5.050000000000003375e-01 2.131698115300211249e+00
5.060000000000003384e-01 2.072040154776209064e+00
5.070000000000003393e-01 2.013953503007273937e+00
5.080000000000003402e-01 1.957398370804575682e+00
5.090000000000003411e-01 1.902335844770304263e+00
5.100000000000003419e-01 1.848727888912604644e+00
5.110000000000003428e-01 1.796537339684313839e+00
5.120000000000003437e-01 1.745727907173867832e+00
5.130000000000003446e-01 1.696264162156205790e+00
5.140000000000003455e-01 1.648111527616827887e+00
5.150000000000003464e-01 1.601236266900176952e+00
5.160000000000003473e-01 1.555605469318882550e+00
5.170000000000003482e-01 1.511187036535300399e+00
5.180000000000003491e-01 1.467949666486856097e+00
5.190000000000003499e-01 1.425862837320832632e+00
5.200000000000003508e-01 1.384896790409239742e+00
5.210000000000003517e-01 1.345022513465299108e+00
5.220000000000003526e-01 1.306211722539635911e+00
5.230000000000003535e-01 1.268436845104974564e+00
5.240000000000003544e-01 1.243831992545003207e+00
5.250000000000003553e-01 1.233404670416521798e+00
5.260000000000003562e-01 1.220617945094889301e+00
5.270000000000003570e-01 1.207234386452298969e+00
5.280000000000003579e-01 1.194186891099023651e+00
5.290000000000003588e-01 1.181837404702366978e+00
5.300000000000003597e-01 1.170217543185241738e+00
5.310000000000003606e-01 1.159216068910962960e+00
5.320000000000003615e-01 1.148691032806087531e+00
5.330000000000003624e-01 1.138521583165967632e+00
5.340000000000003633e-01 1.128622921951395242e+00
5.350000000000003642e-01 1.118943156558624308e+00
5.360000000000003650e-01 1.109453730846026831e+00
5.370000000000003659e-01 1.100139581060222360e+00
5.380000000000003668e-01 1.090991623208897421e+00
5.390000000000003677e-01 1.082002154319757770e+00
5.400000000000003686e-01 1.073162725719882582e+00
5.410000000000003695e-01 1.064463673755082551e+00
5.420000000000003704e-01 1.055894507042154595e+00
5.430000000000003713e-01 1.047444555323993942e+00
5.440000000000003721e-01 1.039103541480338011e+00
5.450000000000003730e-01 1.030861945160240323e+00
5.460000000000003739e-01 1.022711156271859823e+00
5.470000000000003748e-01 1.014643476311688275e+00
5.480000000000003757e-01 1.006652044937004220e+00
5.490000000000003766e-01 9.987307454881941826e-01
5.500000000000003775e-01 9.908741184111585776e-01
5.510000000000003784e-01 9.830772956706945731e-01
5.520000000000003793e-01 9.753359439561122279e-01
5.530000000000003801e-01 9.676462235251248600e-01
5.540000000000003810e-01 9.600047629600610977e-01
5.550000000000003819e-01 9.524086410306755734e-01
5.560000000000003828e-01 9.448553546592841634e-01
5.570000000000003837e-01 9.373427822652606878e-01
5.580000000000003846e-01 9.298691573606858718e-01
5.590000000000003855e-01 9.224330366429143169e-01
5.600000000000003864e-01 9.150332769466443805e-01
5.610000000000003872e-01 9.076690185765199370e-01
5.620000000000003881e-01 9.003396748517076276e-01
5.630000000000003890e-01 8.930449320435885907e-01
5.640000000000003899e-01 8.857847583743236886e-01
5.650000000000003908e-01 8.785593989994562314e-01
5.660000000000003917e-01 8.713693521073460069e-01
5.670000000000003926e-01 8.642153285270908203e-01
5.680000000000003935e-01 8.570982147393508832e-01
5.690000000000003944e-01 8.500190422546263225e-01
5.700000000000003952e-01 8.429789592155083611e-01
5.710000000000003961e-01 8.359791855330412913e-01
5.720000000000003970e-01 8.290209629966539540e-01
5.730000000000003979e-01 8.221055375915118368e-01
5.740000000000003988e-01 8.152341443307448143e-01
5.750000000000003997e-01 8.084080310958411397e-01
5.760000000000004006e-01 8.016284924317971239e-01
5.770000000000004015e-01 7.948968753796236131e-01
5.780000000000004023e-01 7.882145788022596467e-01
5.790000000000004032e-01 7.815830518387441028e-01
5.800000000000004041e-01 7.750037722363237735e-01
5.810000000000004050e-01 7.684782501119031828e-01
5.820000000000004059e-01 7.620080334607430839e-01
5.830000000000004068e-01 7.555947058397237681e-01
5.840000000000004077e-01 7.492398872671400811e-01
5.850000000000004086e-01 7.429452150445426950e-01
5.860000000000004095e-01 7.367123033489885175e-01
5.870000000000004103e-01 7.305426791477207527e-01
5.880000000000004112e-01 7.244377317184164111e-01
5.890000000000004121e-01 7.183987033984133852e-01
5.900000000000004130e-01 7.124266958788152415e-01
5.910000000000004139e-01 7.065227124932873526e-01
5.920000000000004148e-01 7.006877246657718938e-01
5.930000000000004157e-01 6.949227244555328253e-01
5.940000000000004166e-01 6.892287632519850105e-01
5.950000000000004174e-01 6.836069682812396797e-01
5.960000000000004183e-01 6.780585340627335311e-01
5.970000000000004192e-01 6.725847069130722611e-01
5.980000000000004201e-01 6.671867836221022641e-01
5.990000000000004210e-01 6.618661050203296092e-01
6.000000000000004219e-01 6.566240355367543025e-01
6.010000000000004228e-01 6.514619508533312509e-01
6.020000000000004237e-01 6.463812274511219202e-01
6.030000000000004245e-01 6.413832074185568111e-01
6.040000000000004254e-01 6.364691587639094150e-01
6.050000000000004263e-01 6.316402541678136640e-01
6.060000000000004272e-01 6.268975562316762007e-01
6.070000000000004281e-01 6.222419982203960531e-01
6.080000000000004290e-01 6.176743753017333027e-01
6.090000000000004299e-01 6.131953496305513340e-01
6.100000000000004308e-01 6.088054707120144071e-01
6.110000000000004317e-01 6.045052073130624537e-01
6.120000000000004325e-01 6.002949828137562616e-01
6.130000000000004334e-01 5.961751936783578065e-01
6.140000000000004343e-01 5.921462014215580494e-01
6.150000000000004352e-01 5.882083280067829101e-01
6.160000000000004361e-01 5.843618543398507725e-01
6.170000000000004370e-01 5.806070198878284794e-01
6.180000000000004379e-01 5.769440235682685714e-01
6.190000000000004388e-01 5.733730102609752022e-01
6.200000000000004396e-01 5.698940475843977671e-01
6.210000000000004405e-01 5.665071105681305230e-01
6.220000000000004414e-01 5.632120719332005532e-01
6.230000000000004423e-01 5.600087041006783783e-01
6.240000000000004432e-01 5.568966882598878065e-01
6.250000000000004441e-01 5.538756161802839140e-01
6.260000000000004450e-01 5.509450018430150919e-01
6.270000000000004459e-01 5.481042976307990422e-01
6.280000000000004468e-01 5.453528944120413779e-01
6.290000000000004476e-01 5.426901141512352478e-01
6.300000000000004485e-01 5.401152050645282587e-01
6.310000000000004494e-01 5.376273308833557918e-01
6.320000000000004503e-01 5.352255612273183472e-01
6.330000000000004512e-01 5.329088694725271358e-01
6.340000000000004521e-01 5.306761366594725526e-01
6.350000000000004530e-01 5.285261622117207736e-01
6.360000000000004539e-01 5.264576794203359444e-01
6.370000000000004547e-01 5.244693747973158127e-01
6.380000000000004556e-01 5.225599083932307432e-01
6.390000000000004565e-01 5.207279291920523523e-01
6.400000000000004574e-01 5.189720798966669379e-01
6.410000000000004583e-01 5.172909921743499284e-01
6.420000000000004592e-01 5.156832867361265116e-01
6.430000000000004601e-01 5.141475748039067151e-01
6.440000000000004610e-01 5.126824503057256788e-01
6.450000000000004619e-01 5.112864850392936367e-01
6.460000000000004627e-01 5.099582315380469799e-01
6.470000000000004636e-01 5.086962204515040886e-01
6.480000000000004645e-01 5.074989581423672291e-01
6.490000000000004654e-01 5.063649260946513353e-01
6.500000000000004663e-01 5.052925863125852235e-01
6.510000000000004672e-01 5.042803927181159773e-01
6.520000000000004681e-01 5.033268020262162690e-01
6.530000000000004690e-01 5.024302839544459998e-01
6.540000000000004698e-01 5.015893344430258916e-01
6.550000000000004707e-01 5.008024962122475943e-01
6.560000000000004716e-01 5.000683760447354187e-01
6.570000000000004725e-01 4.993856503677885361e-01
6.580000000000004734e-01 4.987530608877788207e-01
6.590000000000004743e-01 4.981694025694086148e-01
6.600000000000004752e-01 4.976335092448452291e-01
6.610000000000004761e-01 4.971442444700472918e-01
6.620000000000004770e-01 4.967004891098987795e-01
6.630000000000004778e-01 4.963011303661037932e-01
6.640000000000004787e-01 4.959450574893086716e-01
6.650000000000004796e-01 4.956311660610058789e-01
6.660000000000004805e-01 4.953583598916277420e-01
6.670000000000004814e-01 4.951255522399570785e-01
6.680000000000004823e-01 4.949316675648945951e-01
6.690000000000004832e-01 4.947756449227747599e-01
6.700000000000004841e-01 4.946564438501797611e-01
6.710000000000004849e-01 4.945730560928831010e-01
6.720000000000004858e-01 4.945245130741831030e-01
6.730000000000004867e-01 4.945098858976194056e-01
6.740000000000004876e-01 4.945282836478794297e-01
6.750000000000004885e-01 4.945788525624829624e-01
6.760000000000004894e-01 4.946607794777351241e-01
6.770000000000004903e-01 4.947732899712744548e-01
6.780000000000004912e-01 4.949156368310993481e-01
6.790000000000004921e-01 4.950870916250834641e-01
6.800000000000004929e-01 4.952869422631872576e-01
6.810000000000004938e-01 4.955144941004989145e-01
6.820000000000004947e-01 4.957690706556130977e-01
6.830000000000004956e-01 4.960500113870225380e-01
6.840000000000004965e-01 4.963566693080152525e-01
6.850000000000004974e-01 4.966884098452251095e-01
6.860000000000004983e-01 4.970446143872093159e-01
6.870000000000004992e-01 4.974246843706552346e-01
6.880000000000005000e-01 4.978280431673458017e-01
6.890000000000005009e-01 4.982541367201962501e-01
6.900000000000005018e-01 4.987024318774394005e-01
6.910000000000005027e-01 4.991724146452024002e-01
6.920000000000005036e-01 4.996635896762929296e-01
6.930000000000005045e-01 5.001754771931030685e-01
6.940000000000005054e-01 5.007076094156558410e-01
6.950000000000005063e-01 5.012595299591445785e-01
6.960000000000005071e-01 5.018307921139778527e-01
6.970000000000005080e-01 5.024209574557070290e-01
6.980000000000005089e-01 5.030295948414859053e-01
6.990000000000005098e-01 5.036562789426582976e-01
7.000000000000005107e-01 5.043005899389322311e-01
7.010000000000005116e-01 5.049621142437421550e-01
7.020000000000005125e-01 5.056404451279413736e-01
7.030000000000005134e-01 5.063351831862743513e-01
7.040000000000005143e-01 5.070459371846464114e-01
7.050000000000005151e-01 5.077723254123387431e-01
7.060000000000005160e-01 5.085139758565053736e-01
7.070000000000005169e-01 5.092705249700777426e-01
7.080000000000005178e-01 5.100416155620034475e-01
7.090000000000005187e-01 5.108268960118356183e-01
7.100000000000005196e-01 5.116260209955930671e-01
7.110000000000005205e-01 5.124386517646832839e-01
7.120000000000005214e-01 5.132644551554050860e-01
7.130000000000005222e-01 5.141031029419127485e-01
7.140000000000005231e-01 5.149542722577772347e-01
7.150000000000005240e-01 5.158176456460997761e-01
7.160000000000005249e-01 5.166929116204983519e-01
7.170000000000005258e-01 5.175797641044674879e-01
7.180000000000005267e-01 5.184779016343067370e-01
7.190000000000005276e-01 5.193870270519183041e-01
7.200000000000005285e-01 5.203068472886497320e-01
7.210000000000005294e-01 5.212370734273045203e-01
7.220000000000005302e-01 5.221774207808734802e-01
7.230000000000005311e-01 5.231276092076873052e-01
7.240000000000005320e-01 5.240873634416618465e-01
7.250000000000005329e-01 5.250564132341086765e-01
7.260000000000005338e-01 5.260344926687710032e-01
7.270000000000005347e-01 5.270213395871086171e-01
7.280000000000005356e-01 5.280166958966662216e-01
7.290000000000005365e-01 5.290203075152347667e-01
7.300000000000005373e-01 5.300319241857671670e-01
7.310000000000005382e-01 5.310512991788780557e-01
7.320000000000005391e-01 5.320781888197573251e-01
7.330000000000005400e-01 5.331123528099299680e-01
7.340000000000005409e-01 5.341535545237547922e-01
7.350000000000005418e-01 5.352015610677052226e-01
7.360000000000005427e-01 5.362561431402197432e-01
7.370000000000005436e-01 5.373170750452138655e-01
7.380000000000005445e-01 5.383841346947079165e-01
7.390000000000005453e-01 5.394571037112618761e-01
7.400000000000005462e-01 5.405357674490501863e-01
7.410000000000005471e-01 5.416199150566214371e-01
7.420000000000005480e-01 5.427093394427207063e-01
7.430000000000005489e-01 5.438038372955992239e-01
7.440000000000005498e-01 5.449032090464945854e-01
7.450000000000005507e-01 5.460072588117103054e-01
7.460000000000005516e-01 5.471157943734114015e-01
7.470000000000005524e-01 5.482286271937349964e-01
7.480000000000005533e-01 5.493455722875150160e-01
7.490000000000005542e-01 5.504664481663551490e-01
7.500000000000005551e-01 5.515910767631089229e-01
7.510000000000005560e-01 5.527192834066058102e-01
7.520000000000005569e-01 5.538508967443394049e-01
7.530000000000005578e-01 5.549857487132158207e-01
7.540000000000005587e-01 5.561236744533519794e-01
7.550000000000005596e-01 5.572645122626219694e-01
7.560000000000005604e-01 5.584081035284933492e-01
7.570000000000005613e-01 5.595542926749126345e-01
7.580000000000005622e-01 5.607029270751212602e-01
7.590000000000005631e-01 5.618538570141805577e-01
7.600000000000005640e-01 5.630069356032918471e-01
7.610000000000005649e-01 5.641620187485243409e-01
7.620000000000005658e-01 5.653189650684208312e-01
7.630000000000005667e-01 5.664776358646534948e-01
7.640000000000005675e-01 5.676378950433835779e-01
7.650000000000005684e-01 5.687996090891951351e-01
7.660000000000005693e-01 5.699626469911273086e-01
7.670000000000005702e-01 5.711268802339674044e-01
7.680000000000005711e-01 5.722921827045996945e-01
7.690000000000005720e-01 5.734584306922219099e-01
7.700000000000005729e-01 5.746255028207971627e-01
7.710000000000005738e-01 5.757932800360500147e-01
7.720000000000005747e-01 5.769616455441675118e-01
7.730000000000005755e-01 5.781304848042472244e-01
7.740000000000005764e-01 5.792996854714937971e-01
7.750000000000005773e-01 5.804691373936301524e-01
7.760000000000005782e-01 5.816387325580072432e-01
7.770000000000005791e-01 5.828083650920081737e-01
7.780000000000005800e-01 5.839779312144665058e-01
7.790000000000005809e-01 5.851473292392360692e-01
7.800000000000005818e-01 5.863164595163707915e-01
7.810000000000005826e-01 5.874852244624233499e-01
7.820000000000005835e-01 5.886535285007287177e-01
7.830000000000005844e-01 5.898212780722515980e-01
7.840000000000005853e-01 5.909883815954515285e-01
7.850000000000005862e-01 5.921547494770916797e-01
7.860000000000005871e-01 5.933202940725871288e-01
7.870000000000005880e-01 5.944849296978925723e-01
7.880000000000005889e-01 5.956485725910569684e-01
7.890000000000005898e-01 5.968111409250379529e-01
7.900000000000005906e-01 5.979725547699471511e-01
7.910000000000005915e-01 5.991327361062331880e-01
7.920000000000005924e-01 6.002916087871075224e-01
7.930000000000005933e-01 6.014490985508109677e-01
7.940000000000005942e-01 6.026051329815275137e-01
7.950000000000005951e-01 6.037596415354334889e-01
7.960000000000005960e-01 6.049125554779055669e-01
7.970000000000005969e-01 6.060638079114928356e-01
7.980000000000005977e-01 6.072133337342782156e-01
7.990000000000005986e-01 6.083610696492760539e-01
8.000000000000005995e-01 6.095069541235098587e-01
8.010000000000006004e-01 6.106509273972002827e-01
8.020000000000006013e-01 6.117929314416780118e-01
8.030000000000006022e-01 6.129329099669624803e-01
8.040000000000006031e-01 6.140708083780286319e-01
8.050000000000006040e-01 6.152065737806879930e-01
8.060000000000006048e-01 6.163401549361994247e-01
8.070000000000006057e-01 6.174715022654435614e-01
8.080000000000006066e-01 6.186005678018786647e-01
8.090000000000006075e-01 6.197273051940278554e-01
8.100000000000006084e-01 6.208516696568243676e-01
8.110000000000006093e-01 6.219736179728863057e-01
8.120000000000006102e-01 6.230931084436858169e-01
8.130000000000006111e-01 6.242101008796916428e-01
8.140000000000006120e-01 6.253245565634133474e-01
8.150000000000006128e-01 6.264364382413302179e-01
8.160000000000006137e-01 6.275457100656528509e-01
8.170000000000006146e-01 6.286523375993341434e-01
8.180000000000006155e-01 6.297562877619399258e-01
8.190000000000006164e-01 6.308575287924617081e-01
8.200000000000006173e-01 6.319560302811785268e-01
8.210000000000006182e-01 6.330517630682733765e-01
8.220000000000006191e-01 6.341446992337096411e-01
8.230000000000006199e-01 6.352348120941256893e-01
8.240000000000006208e-01 6.363220761375587564e-01
8.250000000000006217e-01 6.374064670246465392e-01
8.260000000000006226e-01 6.384879615260570240e-01
8.270000000000006235e-01 6.395665375244753426e-01
8.280000000000006244e-01 6.406421739521805936e-01
8.290000000000006253e-01 6.417148507931288437e-01
8.300000000000006262e-01 6.427845490208430324e-01
8.310000000000006271e-01 6.438512506009148595e-01
8.320000000000006279e-01 6.449149384294727838e-01
8.330000000000006288e-01 6.459755963363147391e-01
8.340000000000006297e-01 6.470332090241334155e-01
8.350000000000006306e-01 6.480877620724441179e-01
8.360000000000006315e-01 6.491392418777255369e-01
8.370000000000006324e-01 6.501876356582875216e-01
8.380000000000006333e-01 6.512329313954617893e-01
8.390000000000006342e-01 6.522751178395332916e-01
8.400000000000006350e-01 6.533141844520917729e-01
8.410000000000006359e-01 6.543501214131253185e-01
8.420000000000006368e-01 6.553829195646178052e-01
8.430000000000006377e-01 6.564125704188826793e-01
8.440000000000006386e-01 6.574390661034688055e-01
8.450000000000006395e-01 6.584623993707852119e-01
8.460000000000006404e-01 6.594825635443580802e-01
8.470000000000006413e-01 6.604995525297768788e-01
8.480000000000006422e-01 6.615133607623205902e-01
8.490000000000006430e-01 6.625239832192388878e-01
8.500000000000006439e-01 6.635314153687464911e-01
8.510000000000006448e-01 6.645356531836305036e-01
8.520000000000006457e-01 6.655366930915994628e-01
8.530000000000006466e-01 6.665345319901908594e-01
8.540000000000006475e-01 6.675291671984434627e-01
8.550000000000006484e-01 6.685205964730683847e-01
8.560000000000006493e-01 6.695088179613983836e-01
8.570000000000006501e-01 6.704938302187735122e-01
8.580000000000006510e-01 6.714756321627121105e-01
8.590000000000006519e-01 6.724542230914523078e-01
8.600000000000006528e-01 6.734296026392803114e-01
8.610000000000006537e-01 6.785438995285439923e-01
8.620000000000006546e-01 6.785438995285448804e-01
8.630000000000006555e-01 6.796264706628338814e-01
8.640000000000006564e-01 6.808161612324123979e-01
8.650000000000006573e-01 6.820890668426714543e-01
8.660000000000006581e-01 6.834337350032487768e-01
8.670000000000006590e-01 6.848500642909295388e-01
8.680000000000006599e-01 6.863409408432925574e-01
8.690000000000006608e-01 6.879094191608954301e-01
8.700000000000006617e-01 6.895581367138342577e-01
8.710000000000006626e-01 6.912893915470167405e-01
8.720000000000006635e-01 6.931052603871209472e-01
8.730000000000006644e-01 6.950076485392674419e-01
8.740000000000006652e-01 6.969983003080375550e-01
8.750000000000006661e-01 6.990787991107318966e-01
8.760000000000006670e-01 7.012505679713767481e-01
8.770000000000006679e-01 7.035148717032233545e-01
8.780000000000006688e-01 7.058728199089066013e-01
8.790000000000006697e-01 7.083253701419696124e-01
8.800000000000006706e-01 7.108733309999332173e-01
8.810000000000006715e-01 7.135173651231376812e-01
8.820000000000006724e-01 7.162579920645039122e-01
8.830000000000006732e-01 7.190955911549598012e-01
8.840000000000006741e-01 7.220304042180745174e-01
8.850000000000006750e-01 7.250625382468246505e-01
8.860000000000006759e-01 7.281919680030441988e-01
8.870000000000006768e-01 7.314185385494436087e-01
8.880000000000006777e-01 7.347419677189390708e-01
8.890000000000006786e-01 7.381618485264479501e-01
8.900000000000006795e-01 7.416776515286117588e-01
8.910000000000006803e-01 7.452887271371964051e-01
8.920000000000006812e-01 7.489943078921532660e-01
8.930000000000006821e-01 7.527935107005739868e-01
8.940000000000006830e-01 7.566853390479959529e-01
8.950000000000006839e-01 7.606686851887459744e-01
8.960000000000006848e-01 7.647423323222207747e-01
8.970000000000006857e-01 7.689049567622299186e-01
8.980000000000006866e-01 7.731551300772834256e-01
8.990000000000006875e-01 7.774913213763843256e-01
9.000000000000006883e-01 7.819118993610297830e-01
9.010000000000006892e-01 7.864151346145684673e-01
9.020000000000006901e-01 7.909992018750149345e-01
9.030000000000006910e-01 7.956621822165201863e-01
9.040000000000006919e-01 8.004020655051768962e-01
9.050000000000006928e-01 8.052167527526773450e-01
9.060000000000006937e-01 8.101040585619528889e-01
9.070000000000006946e-01 8.150617136579352273e-01
9.080000000000006954e-01 8.200873674971815852e-01
9.090000000000006963e-01 8.251785909629864024e-01
9.100000000000006972e-01 8.303328791527238018e-01
9.110000000000006981e-01 8.355476542635754678e-01
9.120000000000006990e-01 8.408202685818024769e-01
9.130000000000006999e-01 8.461480075796306011e-01
9.140000000000007008e-01 8.515280931227594552e-01
9.150000000000007017e-01 8.569576867903241357e-01
9.160000000000007025e-01 8.624338933078947722e-01
9.170000000000007034e-01 8.679537640970574897e-01
9.180000000000007043e-01 8.735143009106013379e-01
9.190000000000007052e-01 8.791124596305458505e-01
9.200000000000007061e-01 8.847451541040227685e-01
9.210000000000007070e-01 8.904092600974085059e-01
9.220000000000007079e-01 8.961016193616353487e-01
9.230000000000007088e-01 9.018190437373472257e-01
9.240000000000007097e-01 9.075583193451132180e-01
9.250000000000007105e-01 9.133162108253037870e-01
9.260000000000007114e-01 9.190894656177097666e-01
9.270000000000007123e-01 9.248748182666055584e-01
9.280000000000007132e-01 9.306689947359786386e-01
9.290000000000007141e-01 9.364687167149859937e-01
9.300000000000007150e-01 9.422707059217924064e-01
9.310000000000007159e-01 9.480716883235845716e-01
9.320000000000007168e-01 9.538683983516926812e-01
9.330000000000007176e-01 9.596575830141647057e-01
9.340000000000007185e-01 9.654360059279891715e-01
9.350000000000007194e-01 9.712004512477261375e-01
9.360000000000007203e-01 9.769477274758102681e-01
9.370000000000007212e-01 9.826746711409988233e-01
9.380000000000007221e-01 9.883781503327121465e-01
9.390000000000007230e-01 9.940550680803019734e-01
9.400000000000007239e-01 9.997023655677739207e-01
9.410000000000007248e-01 1.005317025176020840e+00
9.420000000000007256e-01 1.010896073346311930e+00
9.430000000000007265e-01 1.016436583260423188e+00
9.440000000000007274e-01 1.021935677334496528e+00
9.450000000000007283e-01 1.027390529525345153e+00
9.460000000000007292e-01 1.032798367449564658e+00
9.470000000000007301e-01 1.038156474317313949e+00
9.480000000000007310e-01 1.043462190684066870e+00
9.490000000000007319e-01 1.048712916027036979e+00
9.500000000000007327e-01 1.053906110136791030e+00
9.510000000000007336e-01 1.059039294377871920e+00
9.520000000000007345e-01 1.064110052746971791e+00
9.530000000000007354e-01 1.069116032814093842e+00
9.540000000000007363e-01 1.074054946513848030e+00
9.550000000000007372e-01 1.078924570805952943e+00
9.560000000000007381e-01 1.083722748214523302e+00
9.570000000000007390e-01 1.088447387255463417e+00
9.580000000000007399e-01 1.093096462761187437e+00
9.590000000000007407e-01 1.097668016111678968e+00
9.600000000000007416e-01 1.102160155380570217e+00
9.610000000000007425e-01 1.106571055404432347e+00
9.620000000000007434e-01 1.110898957782926244e+00
9.630000000000007443e-01 1.115142170816812994e+00
9.640000000000007452e-01 1.119299069390136570e+00
9.650000000000007461e-01 1.123368094802148942e+00
9.660000000000007470e-01 1.127347754553833958e+00
9.670000000000007478e-01 1.131236622093105604e+00
9.680000000000007487e-01 1.135033336522047298e+00
9.690000000000007496e-01 1.138736602268803910e+00
9.700000000000007505e-01 1.142345188726123117e+00
9.710000000000007514e-01 1.145857929857858837e+00
9.720000000000007523e-01 1.149273723774240974e+00
9.730000000000007532e-01 1.152591532276145747e+00
9.740000000000007541e-01 1.155810380368262447e+00
9.750000000000007550e-01 1.158929355740613953e+00
9.760000000000007558e-01 1.161947608217701600e+00
9.770000000000007567e-01 1.164864349174279612e+00
9.780000000000007576e-01 1.167678850916731070e+00
9.790000000000007585e-01 1.170390446028917175e+00
9.800000000000007594e-01 1.172998526679649434e+00
9.810000000000007603e-01 1.175502543903866437e+00
9.820000000000007612e-01 1.177902006817573177e+00
9.830000000000007621e-01 1.180196481830267485e+00
9.840000000000007629e-01 1.182385591793644997e+00
9.850000000000007638e-01 1.184469015118672086e+00
9.860000000000007647e-01 1.186446484854322359e+00
9.870000000000007656e-01 1.188317787728450980e+00
9.880000000000007665e-01 1.190082763152138456e+00
9.890000000000007674e-01 1.191741302189136098e+00
9.900000000000007683e-01 1.193293346492450668e+00
9.910000000000007692e-01 1.194738887210384570e+00
9.920000000000007701e-01 1.196077963864759175e+00
9.930000000000007709e-01 1.197310663204301573e+00
9.940000000000007718e-01 1.198437118036526083e+00
9.950000000000007727e-01 1.199457506041634369e+00
9.960000000000007736e-01 1.200372048572208472e+00
9.970000000000007745e-01 1.201181009442573000e+00
9.980000000000007754e-01 1.201884693711882779e+00
9.990000000000007763e-01 1.202483446464977179e+00
1.000000000000000666e+00 1.202977651595133146e+00
